0.000000000000000000e-01 0.000000000000000000e-01
1.885220537308106639e-02 3.269933283632544792e-04
3.875564222609713394e-02 4.923085564617508134e-04
5.647871043814877562e-02 5.633145380569170354e-04
7.603966537911915902e-02 6.307838348773292655e-04
9.441621062330331215e-02 6.913020227520765655e-04
1.131961168758388037e-01 7.550302853787207221e-04
1.320649200108803822e-01 8.194737629120713322e-04
1.509341432950851158e-01 8.839185757458839412e-04
1.698031018448473151e-01 9.483619149542249016e-04
1.886721892259423383e-01 1.012805605199839764e-03
2.075409313989898530e-01 1.077249164218517649e-03
2.264099822537494477e-01 1.141695293797533473e-03
2.452788548990449402e-01 1.206140577425683950e-03
2.639446563811171376e-01 1.264785435216616042e-03
2.827644162035248820e-01 1.320993440462791364e-03
3.017918372489566403e-01 1.411403386223819729e-03
3.208161186916078655e-01 1.611226747672717466e-03
3.396342162056963931e-01 1.880187469551769823e-03
3.584875225232518337e-01 2.166660113052403750e-03
3.773548386578953751e-01 2.449599554956691499e-03
3.962215819334889422e-01 2.732533939448576320e-03
4.144292619407054512e-01 2.989186676568907682e-03
4.339338684575148042e-01 3.746379783770375192e-03
4.527170855570194496e-01 5.447973323819674252e-03
4.691801905166682052e-01 1.141069090285408080e-02
4.534016952895850161e-01 2.031860794506694726e-02
4.354719259403367904e-01 2.619478795728849216e-02
4.174382580211410398e-01 3.174692742886381369e-02
3.994128635307518382e-01 3.732589129411895829e-02
3.814707025278233354e-01 4.316597255748016310e-02
3.636567742802613301e-01 4.938488820615514335e-02
3.460350082150464579e-01 5.612738032728205317e-02
3.286945238107676359e-01 6.356282328243410829e-02
3.117801593775790803e-01 7.191445866438685164e-02
2.955741201053745937e-01 8.155954190218919764e-02
2.805150709702921574e-01 9.290226430630876830e-02
2.670800922420717982e-01 1.061268107676479333e-01
2.557539691339026922e-01 1.211996683066497160e-01
2.463625573302840321e-01 1.375527613294412477e-01
2.384131328019913065e-01 1.546611443754576376e-01
2.312298874494022605e-01 1.721087582936795812e-01
2.241626821366276834e-01 1.896042133219164039e-01
2.166348674468146773e-01 2.069054370560012013e-01
2.083456204523650157e-01 2.238534182715439524e-01
1.990171264693603448e-01 2.402504200980240257e-01
1.884477780743187281e-01 2.558745299886217572e-01
1.765797354104874373e-01 2.705353906650941331e-01
1.634307680146311059e-01 2.840578373294524450e-01
1.487861429848748862e-01 2.959309139024823287e-01
1.327349999999999919e-01 3.058310000000000195e-01
2.443327219819112217e-02 3.516702862311773766e-04
4.765368614848210921e-02 4.827878749898438016e-04
7.254046592868042265e-02 5.874908654314946709e-04
9.528009551609994965e-02 6.781845245280287288e-04
1.193901294541468150e-01 7.643351715127953867e-04
1.434100572160397769e-01 8.439396240403015687e-04
1.669095045034779123e-01 9.251904897434663723e-04
1.906158726215241850e-01 1.019083501389768300e-03
2.144296303303714069e-01 1.133195995616892134e-03
2.382762223849880789e-01 1.264039535390410612e-03
2.621137330287121592e-01 1.408786426291219101e-03
2.859025188718413157e-01 1.563959113967585551e-03
3.096162750795635743e-01 1.729374206068237880e-03
3.335333498297591293e-01 1.913789082143805805e-03
3.574015417832712704e-01 2.129130621527179894e-03
3.808918608195172584e-01 2.379231405203831307e-03
4.051716969136773816e-01 2.694995026885717553e-03
4.282815522375796879e-01 3.129901932974943866e-03
4.527479822910425722e-01 4.006267246275140026e-03
4.763926910695373551e-01 6.608244524155685966e-03
4.848522504776671682e-01 1.830075976144479935e-02
4.633437471543964126e-01 2.851449034191091969e-02
4.413728039961255512e-01 3.773849938573133750e-02
4.196239854788001988e-01 4.747124302081306979e-02
3.983979519484389664e-01 5.829124151143189742e-02
3.780287972192562518e-01 7.064249904553451809e-02
3.591304408088354383e-01 8.512811361936287180e-02
3.427426600540637858e-01 1.023840546389934297e-01
3.297750711848340122e-01 1.223347710285062062e-01
3.203635668793026747e-01 1.442012829082084946e-01
3.138258777664141852e-01 1.671040365269035599e-01
3.092746630556632570e-01 1.904894485251265590e-01
3.059785119108731077e-01 2.140874131285237514e-01
3.034080854836816443e-01 2.377765473226234327e-01
3.011877490063599172e-01 2.615014949289897750e-01
2.990297337853670134e-01 2.852322433482795128e-01
2.966955606490099262e-01 3.089461685063172314e-01
2.939602151981414724e-01 3.326168347521344382e-01
2.906668999243258722e-01 3.562161656899792139e-01
2.866954682784916830e-01 3.797105071778643093e-01
2.818831082599236315e-01 4.030465348760975397e-01
2.760344244121201163e-01 4.261437397537475302e-01
2.689312465709415290e-01 4.488852733526238481e-01
2.603370305244264715e-01 4.711046460948772885e-01
2.500437417841889221e-01 4.925878287264960353e-01
2.379077704529021231e-01 5.130846116407954405e-01
2.238694505085836728e-01 5.323270825986030630e-01
2.079292568105986783e-01 5.500228802486805124e-01
1.897988943143332219e-01 5.654461792667698772e-01
1.695440000000000003e-01 5.779639999999999223e-01
2.746850396709119013e-02 3.553971868822685841e-04
5.327751558918635694e-02 5.133466723014949934e-04
8.190275131360337524e-02 6.537096129461773602e-04
1.065986155506364469e-01 7.661961026835812771e-04
1.344569385523562144e-01 8.613252582027007814e-04
1.644593970450622666e-01 9.456512363929220994e-04
1.917729800950693508e-01 1.019082469836915831e-03
2.164207935374463376e-01 1.085983283784530814e-03
2.402356467023355757e-01 1.153251592249962933e-03
2.653215598481875603e-01 1.229397461142270115e-03
2.928058417568110694e-01 1.324184480006532737e-03
3.208090614001801733e-01 1.448447944441033468e-03
3.453375504288340725e-01 1.612592134989981147e-03
3.717829936299859583e-01 1.837662114703383616e-03
4.006082228430062342e-01 2.162943077415480780e-03
4.269046113662414710e-01 2.627532582667006789e-03
4.541853325092178317e-01 3.598176880325733122e-03
4.804439902321200884e-01 6.131737137821662888e-03
4.974479222720289973e-01 1.740284467572883464e-02
4.739853655939316734e-01 3.009015137906339080e-02
4.497421680071058692e-01 4.128336586776976125e-02
4.259250910244973265e-01 5.334912554104846022e-02
4.030417796558867227e-01 6.709466266520987265e-02
3.817663664492140230e-01 8.319963737404013904e-02
3.634037272712067890e-01 1.025311166644872346e-01
3.492039419037289982e-01 1.250922055388270782e-01
3.393711883992144296e-01 1.498853855536146362e-01
3.329893573578354138e-01 1.757994279725069164e-01
3.289513123654755899e-01 2.021894622446856471e-01
3.263658563040492955e-01 2.287646701849138653e-01
3.246525634668144256e-01 2.554115762936059464e-01
3.234133192407315227e-01 2.820852277960774757e-01
3.223971811008746746e-01 3.087684569440544147e-01
3.214123038176814884e-01 3.354528767704891834e-01
3.203148956582340112e-01 3.621328674631938971e-01
3.189699832691745285e-01 3.888014146558820827e-01
3.172269203359800449e-01 4.154466832410075305e-01
3.149422943865085034e-01 4.420508394358013127e-01
3.120415817960650040e-01 4.685946862345830577e-01
3.084011283322032893e-01 4.950469149426459659e-01
3.038656597487245925e-01 5.213599543500299083e-01
2.982416126819607549e-01 5.474611752721892932e-01
2.912697912247026455e-01 5.732336787972991399e-01
2.826340806183455512e-01 5.984949702960900009e-01
2.719343281889818331e-01 6.229494302134188644e-01
2.587603501527958039e-01 6.461596894286975035e-01
2.429207170517803382e-01 6.676355292506103156e-01
2.244339627177766305e-01 6.868743209353879164e-01
2.031929297813002133e-01 7.029953523510278357e-01
1.794509999999999994e-01 7.151609999999999356e-01
4.024019229402917702e-02 4.238442245007524502e-04
5.776746681788705318e-02 5.436933668345869447e-04
8.991173008588282389e-02 6.865645108466317823e-04
1.274887701614762781e-01 8.240870780116632500e-04
1.613397926758859680e-01 9.449345533678571007e-04
1.900230100985902948e-01 1.049822306083657286e-03
2.151723936031441076e-01 1.145990955047589783e-03
2.393618411294395898e-01 1.244330777655150867e-03
2.649940831669623797e-01 1.358049473683720781e-03
2.932211687432696445e-01 1.502147015569478767e-03
3.219746455504145510e-01 1.691508372416428195e-03
3.472220808797610858e-01 1.893989055296085421e-03
3.722810396606154315e-01 2.119118602649486868e-03
4.016659259463772891e-01 2.422757873100821885e-03
4.369502145832646622e-01 2.879384463267988664e-03
4.698908510148838147e-01 3.576350724735450747e-03
4.984764596223113520e-01 5.879991612594526532e-03
5.184189591712973222e-01 1.771269919061096987e-02
4.928962206384374656e-01 3.191726512839623831e-02
4.664447131159334403e-01 4.452901226088436942e-02
4.405901060105215095e-01 5.831383882244908778e-02
4.159931558297097487e-01 7.422080577877332441e-02
3.936262332418934418e-01 9.310816860226915626e-02
3.752037192936054089e-01 1.158331045714738189e-01
3.618946959739381408e-01 1.418882321767667709e-01
3.532640239513223368e-01 1.698666845294272976e-01
3.479823657938027615e-01 1.986809593974534771e-01
3.448413769803844175e-01 2.278126535368634187e-01
3.430292475392562879e-01 2.570596813637894273e-01
3.419942550705903916e-01 2.863453831077256151e-01
3.413821604895119211e-01 3.156433499783326546e-01
3.409551040360727647e-01 3.449446895579533767e-01
3.405246235812541267e-01 3.742459976161819357e-01
3.399378590123522947e-01 4.035445273576826475e-01
3.390693203283152712e-01 4.328359723459124786e-01
3.378058066275667626e-01 4.621129169032563433e-01
3.360272661278018158e-01 4.913628784946720840e-01
3.336403799020307703e-01 5.205694050449100052e-01
3.305712665723898880e-01 5.497119421077321100e-01
3.267028249916354432e-01 5.787588574518484075e-01
3.218805064369213986e-01 6.076622393797810329e-01
3.158994775952124745e-01 6.363473820962848304e-01
3.084826457400151600e-01 6.646936522237751888e-01
2.992310971914316498e-01 6.924922370777819580e-01
2.876141036950024543e-01 7.193825885913543994e-01
2.730113282080919301e-01 7.447658271388261086e-01
2.549225633767749910e-01 7.677826737146928870e-01
2.333080180171435980e-01 7.875183068516533602e-01
2.085777323437110753e-01 8.031578619808457109e-01
1.814369999999999872e-01 8.141339999999999133e-01