0.000000000000000000e-01
3.409464211023375824e-01
3.615778300781054000e-01
3.664491236012355491e-01
3.699320860024385982e-01
3.727815610310825090e-01
3.759014485777267822e-01
3.790440863354934686e-01
3.821616068119561560e-01
3.852671794209706069e-01
3.883511909768708747e-01
3.914051733256730947e-01
3.944329091673056120e-01
3.974259349810898012e-01
4.002220586529640634e-01
4.029371223683783088e-01
4.064104559661337879e-01
4.115430180384870851e-01
4.177245440456853198e-01
4.240092692661898699e-01
4.301572706977810356e-01
4.362041147650949080e-01
4.416216774397416223e-01
4.532388537732517930e-01
4.748169389693462916e-01
5.254404836336638018e-01
5.754232804635116549e-01
6.001253430957892432e-01
6.181041977079595462e-01
6.329092787014002353e-01
6.481082661638359887e-01
6.627751737361499140e-01
6.770641597223603370e-01
6.911050717582518654e-01
7.041331839122214609e-01
7.153381226771785562e-01
7.236696389174188671e-01
7.279314185404142101e-01
7.268522803897375928e-01
7.203259905942526187e-01
7.093095834713472048e-01
6.955014485752146758e-01
6.785324416098235112e-01
6.589459752513906476e-01
6.371050696584334982e-01
6.116971562465269852e-01
5.825056610646138777e-01
5.501924097510123568e-01
5.150989413144515527e-01
4.790811279412404144e-01
4.460172636947295488e-01
3.201747522147305736e-01
3.332713741114816108e-01
3.412994194725925690e-01
3.474358065127611250e-01
3.527503580941757644e-01
3.572068623510997742e-01
3.613614055016461379e-01
3.657335722132073474e-01
3.704303947817182974e-01
3.751829598580815328e-01
3.799777031981361186e-01
3.847867156933457156e-01
3.894932129793358122e-01
3.943211799642802329e-01
3.995592714756650010e-01
4.051613811593742231e-01
4.115924431289755270e-01
4.195461102943526810e-01
4.332359719770633721e-01
4.637353812152613663e-01
5.438246797046217829e-01
5.872071801051415019e-01
6.161918730862629978e-01
6.398333115029118945e-01
6.602308483578606113e-01
6.780969503183874592e-01
6.934845807726017775e-01
7.059932261754384708e-01
7.122150858298136322e-01
7.131767612240205167e-01
7.098807512686414745e-01
7.034514017076761716e-01
6.948164305224816539e-01
6.846010271171479866e-01
6.732096083453287250e-01
6.608876349793517679e-01
6.478145262739142263e-01
6.337889331909006829e-01
6.190396816556683612e-01
6.038531371484432420e-01
5.875423904456440471e-01
5.701906240645414625e-01
5.512971982697184581e-01
5.309349467859051375e-01
5.088676820521318422e-01
4.833380801829474382e-01
4.536871758492861395e-01
4.200038985824686155e-01
3.803407504531711170e-01
3.443140523979600909e-01
3.063902562356159986e-01
3.222570503924125362e-01
3.331781431513591851e-01
3.403789042913520357e-01
3.454617269718593398e-01
3.493611019230855597e-01
3.524528945473258679e-01
3.550878772120145688e-01
3.575999836344515015e-01
3.603100541634390308e-01
3.635255394302520093e-01
3.675365742852050865e-01
3.724305868597012625e-01
3.782785558822751582e-01
3.857443536363374115e-01
3.954541065023686741e-01
4.130612757994642226e-01
4.436121646936512786e-01
5.235444658046181088e-01
5.775313125711583062e-01
6.109728318008462722e-01
6.378763922592007862e-01
6.606966641718887701e-01
6.799651986839813089e-01
6.952251597551893925e-01
7.053195441760207185e-01
7.090789350934278978e-01
7.073769332117261222e-01
7.022800704633390678e-01
6.948816371138321069e-01
6.859461474087328314e-01
6.761294900055940804e-01
6.658918274849602303e-01
6.551405412533241046e-01
6.441346034081878447e-01
6.324491726566818794e-01
6.200073004504934593e-01
6.072023986379200267e-01
5.942497675983566818e-01
5.807538781549432816e-01
5.668002313490407840e-01
5.512466075816413458e-01
5.349219363403961980e-01
5.157455602648480797e-01
4.918725279298565844e-01
4.645338006667780184e-01
4.342216158170963958e-01
3.978226393421244733e-01
3.480155041398157456e-01
3.051672826433010632e-01
2.979396793734800375e-01
3.080927311210287511e-01
3.173048176664214348e-01
3.242209785349641771e-01
3.294733141673759635e-01
3.336201949129729005e-01
3.371730980154693524e-01
3.406123754542982329e-01
3.443937960556913702e-01
3.489470983341917409e-01
3.546089030894851168e-01
3.599691344962372974e-01
3.652101323723530024e-01
3.715004690411622401e-01
3.798876414529268053e-01
3.912368604948944228e-01
4.196972543069827366e-01
5.032190899996991096e-01
5.625404816941198538e-01
5.990723862621665230e-01
6.285056725370357089e-01
6.533979784703048965e-01
6.741041364887998544e-01
6.898259835428849351e-01
6.991745357531706784e-01
7.013632911275716753e-01
6.987424190549174075e-01
6.932484336545188253e-01
6.857535987132857835e-01
6.768871350377888563e-01
6.671794475950615366e-01
6.568181689825157710e-01
6.460390936779334403e-01
6.350508181427376719e-01
6.241838063407197934e-01
6.133187041852644628e-01
6.023202465318590049e-01
5.912928653668021450e-01
5.804208173692196882e-01
5.690002726668168531e-01
5.574556242979190612e-01
5.446972113023159645e-01
5.299364546129577969e-01
5.125831646150121879e-01
4.919741811700847345e-01
4.659781994548395923e-01
4.326633377837535988e-01
3.900233344682727532e-01
3.392893289910889343e-01
2.825807212592671980e-01