/*--------------------------------*- C++ -*----------------------------------*\
| =========                 |                                                 |
| \\      /  F ield         | OpenFOAM: The Open Source CFD Toolbox           |
|  \\    /   O peration     | Version:  4.x                                   |
|   \\  /    A nd           | Web:      www.OpenFOAM.org                      |
|    \\/     M anipulation  |                                                 |
\*---------------------------------------------------------------------------*/
FoamFile
{
    version     2.0;
    format      ascii;
    class       volScalarField;
    location    "6000";
    object      k;
}
// * * * * * * * * * * * * * * * * * * * * * * * * * * * * * * * * * * * * * //

dimensions      [0 2 -2 0 0 0 0];

internalField   nonuniform List<scalar> 
6552
(
7.65472e-08
7.65479e-08
7.65486e-08
7.65494e-08
7.65503e-08
7.65513e-08
7.65523e-08
7.65533e-08
7.65542e-08
7.65552e-08
7.6556e-08
7.65567e-08
7.65574e-08
7.65579e-08
7.65583e-08
7.65585e-08
7.65585e-08
7.65584e-08
7.65582e-08
7.65577e-08
7.65572e-08
7.65565e-08
7.65557e-08
7.65549e-08
7.65539e-08
7.65529e-08
7.65519e-08
7.6551e-08
7.655e-08
7.65491e-08
7.65483e-08
7.65476e-08
7.6547e-08
7.65466e-08
7.65463e-08
7.65462e-08
7.65462e-08
7.65464e-08
7.65467e-08
4.29705e-08
4.29706e-08
4.29706e-08
4.29708e-08
4.29709e-08
4.2971e-08
4.29711e-08
4.29711e-08
4.29712e-08
4.29712e-08
4.29712e-08
4.29711e-08
4.2971e-08
4.2971e-08
4.29708e-08
4.29707e-08
4.29706e-08
4.29705e-08
4.29703e-08
4.29702e-08
4.297e-08
4.29699e-08
4.29698e-08
4.29697e-08
4.29696e-08
4.29695e-08
4.29695e-08
4.29695e-08
4.29695e-08
4.29695e-08
4.29695e-08
4.29696e-08
4.29697e-08
4.29698e-08
4.29699e-08
4.297e-08
4.29701e-08
4.29703e-08
4.29704e-08
2.31734e-07
2.31733e-07
2.31733e-07
2.31733e-07
2.31733e-07
2.31733e-07
2.31733e-07
2.31732e-07
2.31732e-07
2.31731e-07
2.3173e-07
2.31729e-07
2.31728e-07
2.31727e-07
2.31725e-07
2.31724e-07
2.31723e-07
2.31723e-07
2.31722e-07
2.31721e-07
2.31721e-07
2.31721e-07
2.31721e-07
2.31721e-07
2.31721e-07
2.31721e-07
2.31722e-07
2.31723e-07
2.31724e-07
2.31725e-07
2.31726e-07
2.31727e-07
2.31728e-07
2.31729e-07
2.3173e-07
2.31731e-07
2.31732e-07
2.31733e-07
2.31733e-07
8.44259e-07
8.44259e-07
8.44259e-07
8.44259e-07
8.44258e-07
8.44258e-07
8.44257e-07
8.44255e-07
8.44253e-07
8.44249e-07
8.44246e-07
8.44242e-07
8.44238e-07
8.44233e-07
8.44229e-07
8.44225e-07
8.44221e-07
8.44218e-07
8.44215e-07
8.44212e-07
8.44211e-07
8.4421e-07
8.44209e-07
8.4421e-07
8.44211e-07
8.44213e-07
8.44215e-07
8.44218e-07
8.44221e-07
8.44225e-07
8.44229e-07
8.44233e-07
8.44237e-07
8.44242e-07
8.44246e-07
8.4425e-07
8.44253e-07
8.44256e-07
8.44259e-07
2.17076e-06
2.17076e-06
2.17076e-06
2.17076e-06
2.17076e-06
2.17076e-06
2.17076e-06
2.17075e-06
2.17075e-06
2.17074e-06
2.17073e-06
2.17072e-06
2.17071e-06
2.1707e-06
2.17069e-06
2.17068e-06
2.17067e-06
2.17066e-06
2.17065e-06
2.17064e-06
2.17064e-06
2.17063e-06
2.17063e-06
2.17063e-06
2.17064e-06
2.17064e-06
2.17065e-06
2.17065e-06
2.17066e-06
2.17067e-06
2.17068e-06
2.17069e-06
2.1707e-06
2.17071e-06
2.17073e-06
2.17074e-06
2.17074e-06
2.17075e-06
2.17076e-06
4.39044e-06
4.39044e-06
4.39044e-06
4.39043e-06
4.39043e-06
4.39043e-06
4.39043e-06
4.39042e-06
4.39041e-06
4.39039e-06
4.39038e-06
4.39036e-06
4.39034e-06
4.39032e-06
4.3903e-06
4.39028e-06
4.39026e-06
4.39024e-06
4.39022e-06
4.39021e-06
4.3902e-06
4.3902e-06
4.3902e-06
4.3902e-06
4.3902e-06
4.39021e-06
4.39022e-06
4.39023e-06
4.39025e-06
4.39027e-06
4.39029e-06
4.39031e-06
4.39033e-06
4.39035e-06
4.39037e-06
4.39039e-06
4.39041e-06
4.39042e-06
4.39044e-06
7.37284e-06
7.37283e-06
7.37283e-06
7.37283e-06
7.37282e-06
7.37282e-06
7.37281e-06
7.3728e-06
7.37278e-06
7.37276e-06
7.37274e-06
7.37271e-06
7.37268e-06
7.37265e-06
7.37262e-06
7.3726e-06
7.37257e-06
7.37254e-06
7.37252e-06
7.37251e-06
7.3725e-06
7.37249e-06
7.37249e-06
7.37249e-06
7.3725e-06
7.37251e-06
7.37253e-06
7.37255e-06
7.37257e-06
7.3726e-06
7.37263e-06
7.37266e-06
7.37269e-06
7.37272e-06
7.37274e-06
7.37277e-06
7.3728e-06
7.37282e-06
7.37284e-06
1.07004e-05
1.07004e-05
1.07004e-05
1.07004e-05
1.07004e-05
1.07004e-05
1.07004e-05
1.07003e-05
1.07003e-05
1.07003e-05
1.07003e-05
1.07002e-05
1.07002e-05
1.07002e-05
1.07001e-05
1.07001e-05
1.07001e-05
1.07001e-05
1.07e-05
1.07e-05
1.07e-05
1.07e-05
1.07e-05
1.07e-05
1.07e-05
1.07e-05
1.07001e-05
1.07001e-05
1.07001e-05
1.07002e-05
1.07002e-05
1.07002e-05
1.07003e-05
1.07003e-05
1.07003e-05
1.07003e-05
1.07004e-05
1.07004e-05
1.07004e-05
1.39408e-05
1.39408e-05
1.39407e-05
1.39407e-05
1.39407e-05
1.39407e-05
1.39407e-05
1.39407e-05
1.39407e-05
1.39407e-05
1.39406e-05
1.39406e-05
1.39406e-05
1.39405e-05
1.39405e-05
1.39405e-05
1.39405e-05
1.39405e-05
1.39404e-05
1.39404e-05
1.39404e-05
1.39404e-05
1.39404e-05
1.39404e-05
1.39405e-05
1.39405e-05
1.39405e-05
1.39405e-05
1.39406e-05
1.39406e-05
1.39406e-05
1.39406e-05
1.39407e-05
1.39407e-05
1.39407e-05
1.39408e-05
1.39408e-05
1.39408e-05
1.39408e-05
1.68412e-05
1.68411e-05
1.68411e-05
1.68411e-05
1.68411e-05
1.68411e-05
1.68411e-05
1.6841e-05
1.6841e-05
1.6841e-05
1.6841e-05
1.6841e-05
1.6841e-05
1.68409e-05
1.68409e-05
1.68409e-05
1.68409e-05
1.68409e-05
1.68409e-05
1.68409e-05
1.68409e-05
1.68409e-05
1.68409e-05
1.68409e-05
1.6841e-05
1.6841e-05
1.6841e-05
1.6841e-05
1.6841e-05
1.68411e-05
1.68411e-05
1.68411e-05
1.68411e-05
1.68412e-05
1.68412e-05
1.68412e-05
1.68412e-05
1.68412e-05
1.68412e-05
1.93305e-05
1.93305e-05
1.93304e-05
1.93304e-05
1.93304e-05
1.93304e-05
1.93304e-05
1.93304e-05
1.93304e-05
1.93303e-05
1.93303e-05
1.93303e-05
1.93303e-05
1.93303e-05
1.93303e-05
1.93303e-05
1.93303e-05
1.93303e-05
1.93303e-05
1.93303e-05
1.93303e-05
1.93304e-05
1.93304e-05
1.93304e-05
1.93304e-05
1.93304e-05
1.93305e-05
1.93305e-05
1.93305e-05
1.93305e-05
1.93305e-05
1.93306e-05
1.93306e-05
1.93306e-05
1.93306e-05
1.93306e-05
1.93306e-05
1.93306e-05
1.93306e-05
2.14289e-05
2.14288e-05
2.14288e-05
2.14288e-05
2.14288e-05
2.14287e-05
2.14287e-05
2.14287e-05
2.14287e-05
2.14287e-05
2.14287e-05
2.14287e-05
2.14287e-05
2.14287e-05
2.14287e-05
2.14287e-05
2.14288e-05
2.14288e-05
2.14288e-05
2.14288e-05
2.14288e-05
2.14289e-05
2.14289e-05
2.14289e-05
2.14289e-05
2.14289e-05
2.1429e-05
2.1429e-05
2.1429e-05
2.1429e-05
2.1429e-05
2.1429e-05
2.1429e-05
2.1429e-05
2.1429e-05
2.1429e-05
2.1429e-05
2.1429e-05
2.14289e-05
2.31699e-05
2.31698e-05
2.31698e-05
2.31698e-05
2.31698e-05
2.31697e-05
2.31697e-05
2.31697e-05
2.31697e-05
2.31697e-05
2.31697e-05
2.31698e-05
2.31698e-05
2.31698e-05
2.31698e-05
2.31698e-05
2.31699e-05
2.31699e-05
2.31699e-05
2.31699e-05
2.317e-05
2.317e-05
2.317e-05
2.31701e-05
2.31701e-05
2.31701e-05
2.31701e-05
2.31701e-05
2.31701e-05
2.31701e-05
2.31701e-05
2.31701e-05
2.31701e-05
2.31701e-05
2.31701e-05
2.31701e-05
2.317e-05
2.317e-05
2.317e-05
2.45982e-05
2.45981e-05
2.45981e-05
2.45981e-05
2.45981e-05
2.45981e-05
2.45981e-05
2.45981e-05
2.45981e-05
2.45981e-05
2.45981e-05
2.45981e-05
2.45981e-05
2.45982e-05
2.45982e-05
2.45982e-05
2.45983e-05
2.45983e-05
2.45984e-05
2.45984e-05
2.45984e-05
2.45985e-05
2.45985e-05
2.45985e-05
2.45986e-05
2.45986e-05
2.45986e-05
2.45986e-05
2.45986e-05
2.45986e-05
2.45986e-05
2.45985e-05
2.45985e-05
2.45985e-05
2.45984e-05
2.45984e-05
2.45984e-05
2.45983e-05
2.45983e-05
2.57601e-05
2.57601e-05
2.576e-05
2.576e-05
2.576e-05
2.576e-05
2.576e-05
2.576e-05
2.576e-05
2.576e-05
2.57601e-05
2.57601e-05
2.57601e-05
2.57602e-05
2.57602e-05
2.57603e-05
2.57603e-05
2.57604e-05
2.57604e-05
2.57605e-05
2.57605e-05
2.57605e-05
2.57606e-05
2.57606e-05
2.57606e-05
2.57606e-05
2.57606e-05
2.57606e-05
2.57606e-05
2.57606e-05
2.57606e-05
2.57605e-05
2.57605e-05
2.57604e-05
2.57604e-05
2.57603e-05
2.57603e-05
2.57602e-05
2.57602e-05
2.66983e-05
2.66982e-05
2.66982e-05
2.66982e-05
2.66982e-05
2.66982e-05
2.66982e-05
2.66982e-05
2.66982e-05
2.66983e-05
2.66983e-05
2.66983e-05
2.66984e-05
2.66984e-05
2.66985e-05
2.66985e-05
2.66986e-05
2.66987e-05
2.66987e-05
2.66988e-05
2.66988e-05
2.66988e-05
2.66989e-05
2.66989e-05
2.66989e-05
2.66989e-05
2.66989e-05
2.66989e-05
2.66989e-05
2.66988e-05
2.66988e-05
2.66988e-05
2.66987e-05
2.66987e-05
2.66986e-05
2.66985e-05
2.66985e-05
2.66984e-05
2.66984e-05
2.74498e-05
2.74497e-05
2.74497e-05
2.74497e-05
2.74497e-05
2.74497e-05
2.74497e-05
2.74497e-05
2.74498e-05
2.74498e-05
2.74499e-05
2.74499e-05
2.745e-05
2.745e-05
2.74501e-05
2.74502e-05
2.74502e-05
2.74503e-05
2.74503e-05
2.74504e-05
2.74504e-05
2.74504e-05
2.74505e-05
2.74505e-05
2.74505e-05
2.74505e-05
2.74505e-05
2.74505e-05
2.74504e-05
2.74504e-05
2.74503e-05
2.74503e-05
2.74502e-05
2.74502e-05
2.74501e-05
2.745e-05
2.745e-05
2.74499e-05
2.74499e-05
2.80456e-05
2.80455e-05
2.80455e-05
2.80455e-05
2.80455e-05
2.80455e-05
2.80455e-05
2.80456e-05
2.80456e-05
2.80457e-05
2.80457e-05
2.80458e-05
2.80458e-05
2.80459e-05
2.8046e-05
2.8046e-05
2.80461e-05
2.80461e-05
2.80462e-05
2.80462e-05
2.80463e-05
2.80463e-05
2.80463e-05
2.80463e-05
2.80463e-05
2.80463e-05
2.80463e-05
2.80463e-05
2.80462e-05
2.80462e-05
2.80461e-05
2.80461e-05
2.8046e-05
2.80459e-05
2.80459e-05
2.80458e-05
2.80458e-05
2.80457e-05
2.80456e-05
2.85111e-05
2.85111e-05
2.85111e-05
2.85111e-05
2.85111e-05
2.85111e-05
2.85111e-05
2.85112e-05
2.85112e-05
2.85113e-05
2.85113e-05
2.85114e-05
2.85115e-05
2.85115e-05
2.85116e-05
2.85117e-05
2.85117e-05
2.85118e-05
2.85118e-05
2.85119e-05
2.85119e-05
2.85119e-05
2.85119e-05
2.85119e-05
2.85119e-05
2.85119e-05
2.85119e-05
2.85118e-05
2.85118e-05
2.85117e-05
2.85117e-05
2.85116e-05
2.85115e-05
2.85115e-05
2.85114e-05
2.85113e-05
2.85113e-05
2.85112e-05
2.85112e-05
2.88673e-05
2.88673e-05
2.88673e-05
2.88673e-05
2.88673e-05
2.88673e-05
2.88673e-05
2.88674e-05
2.88674e-05
2.88675e-05
2.88675e-05
2.88676e-05
2.88677e-05
2.88677e-05
2.88678e-05
2.88679e-05
2.88679e-05
2.8868e-05
2.8868e-05
2.8868e-05
2.88681e-05
2.88681e-05
2.88681e-05
2.88681e-05
2.88681e-05
2.8868e-05
2.8868e-05
2.8868e-05
2.88679e-05
2.88679e-05
2.88678e-05
2.88677e-05
2.88677e-05
2.88676e-05
2.88675e-05
2.88675e-05
2.88674e-05
2.88674e-05
2.88673e-05
2.9131e-05
2.9131e-05
2.9131e-05
2.9131e-05
2.9131e-05
2.91311e-05
2.91311e-05
2.91311e-05
2.91312e-05
2.91312e-05
2.91313e-05
2.91314e-05
2.91314e-05
2.91315e-05
2.91315e-05
2.91316e-05
2.91316e-05
2.91317e-05
2.91317e-05
2.91317e-05
2.91318e-05
2.91318e-05
2.91318e-05
2.91317e-05
2.91317e-05
2.91317e-05
2.91317e-05
2.91316e-05
2.91316e-05
2.91315e-05
2.91314e-05
2.91314e-05
2.91313e-05
2.91313e-05
2.91312e-05
2.91312e-05
2.91311e-05
2.91311e-05
2.9131e-05
2.93161e-05
2.93161e-05
2.93161e-05
2.93161e-05
2.93161e-05
2.93161e-05
2.93162e-05
2.93162e-05
2.93163e-05
2.93163e-05
2.93164e-05
2.93164e-05
2.93165e-05
2.93165e-05
2.93166e-05
2.93166e-05
2.93167e-05
2.93167e-05
2.93167e-05
2.93168e-05
2.93168e-05
2.93168e-05
2.93168e-05
2.93167e-05
2.93167e-05
2.93167e-05
2.93166e-05
2.93166e-05
2.93165e-05
2.93165e-05
2.93164e-05
2.93164e-05
2.93163e-05
2.93163e-05
2.93162e-05
2.93162e-05
2.93161e-05
2.93161e-05
2.93161e-05
2.94337e-05
2.94337e-05
2.94337e-05
2.94338e-05
2.94338e-05
2.94338e-05
2.94339e-05
2.94339e-05
2.94339e-05
2.9434e-05
2.9434e-05
2.94341e-05
2.94341e-05
2.94342e-05
2.94342e-05
2.94343e-05
2.94343e-05
2.94343e-05
2.94343e-05
2.94344e-05
2.94344e-05
2.94344e-05
2.94343e-05
2.94343e-05
2.94343e-05
2.94343e-05
2.94342e-05
2.94342e-05
2.94341e-05
2.94341e-05
2.9434e-05
2.9434e-05
2.94339e-05
2.94339e-05
2.94338e-05
2.94338e-05
2.94338e-05
2.94338e-05
2.94337e-05
2.94932e-05
2.94932e-05
2.94932e-05
2.94933e-05
2.94933e-05
2.94933e-05
2.94933e-05
2.94934e-05
2.94934e-05
2.94935e-05
2.94935e-05
2.94935e-05
2.94936e-05
2.94936e-05
2.94937e-05
2.94937e-05
2.94937e-05
2.94937e-05
2.94937e-05
2.94938e-05
2.94938e-05
2.94937e-05
2.94937e-05
2.94937e-05
2.94937e-05
2.94937e-05
2.94936e-05
2.94936e-05
2.94935e-05
2.94935e-05
2.94934e-05
2.94934e-05
2.94934e-05
2.94933e-05
2.94933e-05
2.94933e-05
2.94932e-05
2.94932e-05
2.94932e-05
2.95021e-05
2.95021e-05
2.95021e-05
2.95021e-05
2.95021e-05
2.95022e-05
2.95022e-05
2.95022e-05
2.95023e-05
2.95023e-05
2.95023e-05
2.95024e-05
2.95024e-05
2.95024e-05
2.95025e-05
2.95025e-05
2.95025e-05
2.95025e-05
2.95025e-05
2.95025e-05
2.95025e-05
2.95025e-05
2.95025e-05
2.95025e-05
2.95025e-05
2.95024e-05
2.95024e-05
2.95024e-05
2.95023e-05
2.95023e-05
2.95023e-05
2.95022e-05
2.95022e-05
2.95022e-05
2.95021e-05
2.95021e-05
2.95021e-05
2.95021e-05
2.95021e-05
2.94666e-05
2.94666e-05
2.94666e-05
2.94666e-05
2.94666e-05
2.94667e-05
2.94667e-05
2.94667e-05
2.94667e-05
2.94668e-05
2.94668e-05
2.94668e-05
2.94669e-05
2.94669e-05
2.94669e-05
2.94669e-05
2.94669e-05
2.94669e-05
2.94669e-05
2.94669e-05
2.94669e-05
2.94669e-05
2.94669e-05
2.94669e-05
2.94669e-05
2.94668e-05
2.94668e-05
2.94668e-05
2.94668e-05
2.94667e-05
2.94667e-05
2.94667e-05
2.94667e-05
2.94666e-05
2.94666e-05
2.94666e-05
2.94666e-05
2.94666e-05
2.94666e-05
2.93919e-05
2.9392e-05
2.9392e-05
2.9392e-05
2.9392e-05
2.9392e-05
2.9392e-05
2.9392e-05
2.93921e-05
2.93921e-05
2.93921e-05
2.93921e-05
2.93921e-05
2.93921e-05
2.93922e-05
2.93922e-05
2.93922e-05
2.93922e-05
2.93922e-05
2.93922e-05
2.93922e-05
2.93922e-05
2.93922e-05
2.93921e-05
2.93921e-05
2.93921e-05
2.93921e-05
2.93921e-05
2.93921e-05
2.9392e-05
2.9392e-05
2.9392e-05
2.9392e-05
2.9392e-05
2.9392e-05
2.93919e-05
2.93919e-05
2.93919e-05
2.93919e-05
2.92825e-05
2.92825e-05
2.92825e-05
2.92825e-05
2.92825e-05
2.92825e-05
2.92825e-05
2.92825e-05
2.92825e-05
2.92825e-05
2.92825e-05
2.92826e-05
2.92826e-05
2.92826e-05
2.92826e-05
2.92826e-05
2.92826e-05
2.92826e-05
2.92826e-05
2.92826e-05
2.92826e-05
2.92826e-05
2.92826e-05
2.92826e-05
2.92826e-05
2.92826e-05
2.92826e-05
2.92825e-05
2.92825e-05
2.92825e-05
2.92825e-05
2.92825e-05
2.92825e-05
2.92825e-05
2.92825e-05
2.92825e-05
2.92825e-05
2.92825e-05
2.92825e-05
2.91418e-05
2.91418e-05
2.91418e-05
2.91418e-05
2.91418e-05
2.91418e-05
2.91418e-05
2.91418e-05
2.91418e-05
2.91418e-05
2.91418e-05
2.91418e-05
2.91418e-05
2.91418e-05
2.91418e-05
2.91418e-05
2.91418e-05
2.91418e-05
2.91418e-05
2.91418e-05
2.91418e-05
2.91418e-05
2.91418e-05
2.91418e-05
2.91418e-05
2.91418e-05
2.91418e-05
2.91418e-05
2.91418e-05
2.91418e-05
2.91418e-05
2.91418e-05
2.91418e-05
2.91418e-05
2.91418e-05
2.91418e-05
2.91418e-05
2.91418e-05
2.91418e-05
2.89729e-05
2.89729e-05
2.89729e-05
2.89729e-05
2.89729e-05
2.89729e-05
2.89729e-05
2.89729e-05
2.89729e-05
2.89729e-05
2.89729e-05
2.89729e-05
2.89729e-05
2.89729e-05
2.89729e-05
2.89729e-05
2.89729e-05
2.89729e-05
2.89729e-05
2.89729e-05
2.89729e-05
2.89729e-05
2.89729e-05
2.89729e-05
2.89729e-05
2.89729e-05
2.89729e-05
2.89729e-05
2.89729e-05
2.89729e-05
2.89729e-05
2.89729e-05
2.89729e-05
2.89729e-05
2.89729e-05
2.89729e-05
2.89729e-05
2.89729e-05
2.89729e-05
2.87785e-05
2.87785e-05
2.87785e-05
2.87785e-05
2.87785e-05
2.87785e-05
2.87784e-05
2.87784e-05
2.87784e-05
2.87784e-05
2.87784e-05
2.87784e-05
2.87784e-05
2.87784e-05
2.87784e-05
2.87784e-05
2.87785e-05
2.87785e-05
2.87785e-05
2.87785e-05
2.87785e-05
2.87785e-05
2.87785e-05
2.87785e-05
2.87785e-05
2.87785e-05
2.87785e-05
2.87785e-05
2.87785e-05
2.87785e-05
2.87785e-05
2.87785e-05
2.87785e-05
2.87785e-05
2.87785e-05
2.87785e-05
2.87785e-05
2.87785e-05
2.87785e-05
2.85607e-05
2.85607e-05
2.85607e-05
2.85607e-05
2.85607e-05
2.85607e-05
2.85607e-05
2.85606e-05
2.85606e-05
2.85606e-05
2.85606e-05
2.85606e-05
2.85606e-05
2.85606e-05
2.85606e-05
2.85606e-05
2.85606e-05
2.85606e-05
2.85607e-05
2.85607e-05
2.85607e-05
2.85607e-05
2.85607e-05
2.85607e-05
2.85607e-05
2.85607e-05
2.85607e-05
2.85607e-05
2.85607e-05
2.85608e-05
2.85608e-05
2.85608e-05
2.85608e-05
2.85608e-05
2.85608e-05
2.85608e-05
2.85608e-05
2.85607e-05
2.85607e-05
2.83215e-05
2.83215e-05
2.83214e-05
2.83214e-05
2.83214e-05
2.83214e-05
2.83214e-05
2.83214e-05
2.83214e-05
2.83214e-05
2.83214e-05
2.83214e-05
2.83214e-05
2.83214e-05
2.83214e-05
2.83214e-05
2.83214e-05
2.83214e-05
2.83214e-05
2.83214e-05
2.83214e-05
2.83214e-05
2.83214e-05
2.83215e-05
2.83215e-05
2.83215e-05
2.83215e-05
2.83215e-05
2.83215e-05
2.83215e-05
2.83215e-05
2.83215e-05
2.83215e-05
2.83215e-05
2.83215e-05
2.83215e-05
2.83215e-05
2.83215e-05
2.83215e-05
2.80624e-05
2.80624e-05
2.80623e-05
2.80623e-05
2.80623e-05
2.80623e-05
2.80623e-05
2.80623e-05
2.80623e-05
2.80623e-05
2.80622e-05
2.80622e-05
2.80622e-05
2.80622e-05
2.80622e-05
2.80622e-05
2.80623e-05
2.80623e-05
2.80623e-05
2.80623e-05
2.80623e-05
2.80623e-05
2.80623e-05
2.80623e-05
2.80624e-05
2.80624e-05
2.80624e-05
2.80624e-05
2.80624e-05
2.80624e-05
2.80624e-05
2.80624e-05
2.80624e-05
2.80624e-05
2.80624e-05
2.80624e-05
2.80624e-05
2.80624e-05
2.80624e-05
2.77848e-05
2.77848e-05
2.77848e-05
2.77848e-05
2.77848e-05
2.77847e-05
2.77847e-05
2.77847e-05
2.77847e-05
2.77847e-05
2.77847e-05
2.77847e-05
2.77847e-05
2.77847e-05
2.77847e-05
2.77847e-05
2.77847e-05
2.77847e-05
2.77847e-05
2.77847e-05
2.77847e-05
2.77848e-05
2.77848e-05
2.77848e-05
2.77848e-05
2.77848e-05
2.77848e-05
2.77849e-05
2.77849e-05
2.77849e-05
2.77849e-05
2.77849e-05
2.77849e-05
2.77849e-05
2.77849e-05
2.77849e-05
2.77849e-05
2.77849e-05
2.77848e-05
2.74901e-05
2.749e-05
2.749e-05
2.749e-05
2.749e-05
2.749e-05
2.74899e-05
2.74899e-05
2.74899e-05
2.74899e-05
2.74899e-05
2.74899e-05
2.74899e-05
2.74899e-05
2.74899e-05
2.74899e-05
2.74899e-05
2.74899e-05
2.74899e-05
2.749e-05
2.749e-05
2.749e-05
2.749e-05
2.749e-05
2.749e-05
2.74901e-05
2.74901e-05
2.74901e-05
2.74901e-05
2.74901e-05
2.74901e-05
2.74901e-05
2.74901e-05
2.74901e-05
2.74901e-05
2.74901e-05
2.74901e-05
2.74901e-05
2.74901e-05
2.71792e-05
2.71791e-05
2.71791e-05
2.71791e-05
2.71791e-05
2.71791e-05
2.71791e-05
2.7179e-05
2.7179e-05
2.7179e-05
2.7179e-05
2.7179e-05
2.7179e-05
2.7179e-05
2.7179e-05
2.7179e-05
2.7179e-05
2.7179e-05
2.7179e-05
2.71791e-05
2.71791e-05
2.71791e-05
2.71791e-05
2.71791e-05
2.71791e-05
2.71792e-05
2.71792e-05
2.71792e-05
2.71792e-05
2.71792e-05
2.71792e-05
2.71792e-05
2.71792e-05
2.71792e-05
2.71792e-05
2.71792e-05
2.71792e-05
2.71792e-05
2.71792e-05
2.68531e-05
2.68531e-05
2.68531e-05
2.68531e-05
2.68531e-05
2.68531e-05
2.6853e-05
2.6853e-05
2.6853e-05
2.6853e-05
2.6853e-05
2.6853e-05
2.6853e-05
2.6853e-05
2.6853e-05
2.6853e-05
2.6853e-05
2.6853e-05
2.6853e-05
2.6853e-05
2.68531e-05
2.68531e-05
2.68531e-05
2.68531e-05
2.68531e-05
2.68531e-05
2.68532e-05
2.68532e-05
2.68532e-05
2.68532e-05
2.68532e-05
2.68532e-05
2.68532e-05
2.68532e-05
2.68532e-05
2.68532e-05
2.68532e-05
2.68532e-05
2.68532e-05
2.6513e-05
2.65129e-05
2.65129e-05
2.65129e-05
2.65129e-05
2.65129e-05
2.65129e-05
2.65129e-05
2.65128e-05
2.65128e-05
2.65128e-05
2.65128e-05
2.65128e-05
2.65128e-05
2.65128e-05
2.65128e-05
2.65128e-05
2.65128e-05
2.65129e-05
2.65129e-05
2.65129e-05
2.65129e-05
2.65129e-05
2.65129e-05
2.6513e-05
2.6513e-05
2.6513e-05
2.6513e-05
2.6513e-05
2.6513e-05
2.6513e-05
2.6513e-05
2.6513e-05
2.6513e-05
2.6513e-05
2.6513e-05
2.6513e-05
2.6513e-05
2.6513e-05
2.61596e-05
2.61596e-05
2.61596e-05
2.61595e-05
2.61595e-05
2.61595e-05
2.61595e-05
2.61595e-05
2.61595e-05
2.61595e-05
2.61595e-05
2.61595e-05
2.61595e-05
2.61595e-05
2.61595e-05
2.61595e-05
2.61595e-05
2.61595e-05
2.61595e-05
2.61595e-05
2.61595e-05
2.61595e-05
2.61596e-05
2.61596e-05
2.61596e-05
2.61596e-05
2.61596e-05
2.61596e-05
2.61596e-05
2.61596e-05
2.61596e-05
2.61597e-05
2.61597e-05
2.61597e-05
2.61596e-05
2.61596e-05
2.61596e-05
2.61596e-05
2.61596e-05
2.57941e-05
2.57941e-05
2.57941e-05
2.5794e-05
2.5794e-05
2.5794e-05
2.5794e-05
2.5794e-05
2.5794e-05
2.5794e-05
2.5794e-05
2.5794e-05
2.5794e-05
2.5794e-05
2.5794e-05
2.5794e-05
2.5794e-05
2.5794e-05
2.5794e-05
2.5794e-05
2.5794e-05
2.5794e-05
2.5794e-05
2.57941e-05
2.57941e-05
2.57941e-05
2.57941e-05
2.57941e-05
2.57941e-05
2.57941e-05
2.57941e-05
2.57941e-05
2.57941e-05
2.57941e-05
2.57941e-05
2.57941e-05
2.57941e-05
2.57941e-05
2.57941e-05
2.54176e-05
2.54176e-05
2.54176e-05
2.54176e-05
2.54176e-05
2.54175e-05
2.54175e-05
2.54175e-05
2.54175e-05
2.54175e-05
2.54175e-05
2.54175e-05
2.54175e-05
2.54175e-05
2.54175e-05
2.54175e-05
2.54175e-05
2.54175e-05
2.54175e-05
2.54175e-05
2.54175e-05
2.54176e-05
2.54176e-05
2.54176e-05
2.54176e-05
2.54176e-05
2.54176e-05
2.54176e-05
2.54176e-05
2.54176e-05
2.54177e-05
2.54177e-05
2.54177e-05
2.54177e-05
2.54177e-05
2.54176e-05
2.54176e-05
2.54176e-05
2.54176e-05
2.50316e-05
2.50316e-05
2.50315e-05
2.50315e-05
2.50315e-05
2.50315e-05
2.50315e-05
2.50315e-05
2.50315e-05
2.50315e-05
2.50315e-05
2.50315e-05
2.50315e-05
2.50315e-05
2.50315e-05
2.50315e-05
2.50315e-05
2.50315e-05
2.50315e-05
2.50315e-05
2.50315e-05
2.50315e-05
2.50315e-05
2.50315e-05
2.50316e-05
2.50316e-05
2.50316e-05
2.50316e-05
2.50316e-05
2.50316e-05
2.50316e-05
2.50316e-05
2.50316e-05
2.50316e-05
2.50316e-05
2.50316e-05
2.50316e-05
2.50316e-05
2.50316e-05
2.46376e-05
2.46376e-05
2.46376e-05
2.46375e-05
2.46375e-05
2.46375e-05
2.46375e-05
2.46375e-05
2.46375e-05
2.46375e-05
2.46375e-05
2.46375e-05
2.46375e-05
2.46375e-05
2.46375e-05
2.46375e-05
2.46375e-05
2.46375e-05
2.46375e-05
2.46375e-05
2.46375e-05
2.46375e-05
2.46375e-05
2.46376e-05
2.46376e-05
2.46376e-05
2.46376e-05
2.46376e-05
2.46376e-05
2.46376e-05
2.46376e-05
2.46376e-05
2.46376e-05
2.46376e-05
2.46376e-05
2.46376e-05
2.46376e-05
2.46376e-05
2.46376e-05
2.42374e-05
2.42374e-05
2.42374e-05
2.42374e-05
2.42374e-05
2.42374e-05
2.42374e-05
2.42374e-05
2.42374e-05
2.42374e-05
2.42374e-05
2.42374e-05
2.42374e-05
2.42374e-05
2.42374e-05
2.42374e-05
2.42374e-05
2.42374e-05
2.42374e-05
2.42374e-05
2.42374e-05
2.42374e-05
2.42374e-05
2.42374e-05
2.42374e-05
2.42374e-05
2.42374e-05
2.42375e-05
2.42375e-05
2.42375e-05
2.42375e-05
2.42375e-05
2.42375e-05
2.42375e-05
2.42375e-05
2.42375e-05
2.42375e-05
2.42375e-05
2.42375e-05
2.38329e-05
2.38329e-05
2.38329e-05
2.38329e-05
2.38329e-05
2.38329e-05
2.38329e-05
2.38329e-05
2.38329e-05
2.38329e-05
2.38329e-05
2.38329e-05
2.38329e-05
2.38329e-05
2.38329e-05
2.38329e-05
2.38329e-05
2.38329e-05
2.38329e-05
2.38329e-05
2.38329e-05
2.38329e-05
2.38329e-05
2.38329e-05
2.38329e-05
2.38329e-05
2.38329e-05
2.3833e-05
2.3833e-05
2.3833e-05
2.3833e-05
2.3833e-05
2.3833e-05
2.3833e-05
2.3833e-05
2.3833e-05
2.3833e-05
2.3833e-05
2.3833e-05
2.34254e-05
2.34253e-05
2.34253e-05
2.34253e-05
2.34253e-05
2.34253e-05
2.34253e-05
2.34253e-05
2.34253e-05
2.34253e-05
2.34253e-05
2.34253e-05
2.34253e-05
2.34253e-05
2.34253e-05
2.34253e-05
2.34253e-05
2.34253e-05
2.34253e-05
2.34253e-05
2.34253e-05
2.34253e-05
2.34253e-05
2.34253e-05
2.34253e-05
2.34253e-05
2.34254e-05
2.34254e-05
2.34254e-05
2.34254e-05
2.34254e-05
2.34254e-05
2.34254e-05
2.34254e-05
2.34254e-05
2.34254e-05
2.34254e-05
2.34254e-05
2.34254e-05
2.30146e-05
2.30146e-05
2.30146e-05
2.30146e-05
2.30146e-05
2.30146e-05
2.30145e-05
2.30145e-05
2.30145e-05
2.30145e-05
2.30145e-05
2.30145e-05
2.30145e-05
2.30145e-05
2.30145e-05
2.30145e-05
2.30145e-05
2.30145e-05
2.30145e-05
2.30145e-05
2.30145e-05
2.30146e-05
2.30146e-05
2.30146e-05
2.30146e-05
2.30146e-05
2.30146e-05
2.30146e-05
2.30146e-05
2.30146e-05
2.30146e-05
2.30146e-05
2.30146e-05
2.30146e-05
2.30146e-05
2.30146e-05
2.30146e-05
2.30146e-05
2.30146e-05
2.26004e-05
2.26003e-05
2.26003e-05
2.26003e-05
2.26003e-05
2.26003e-05
2.26003e-05
2.26003e-05
2.26003e-05
2.26003e-05
2.26003e-05
2.26003e-05
2.26003e-05
2.26003e-05
2.26003e-05
2.26003e-05
2.26003e-05
2.26003e-05
2.26003e-05
2.26003e-05
2.26003e-05
2.26003e-05
2.26003e-05
2.26003e-05
2.26003e-05
2.26003e-05
2.26003e-05
2.26004e-05
2.26004e-05
2.26004e-05
2.26004e-05
2.26004e-05
2.26004e-05
2.26004e-05
2.26004e-05
2.26004e-05
2.26004e-05
2.26004e-05
2.26004e-05
2.2183e-05
2.2183e-05
2.2183e-05
2.2183e-05
2.2183e-05
2.2183e-05
2.2183e-05
2.2183e-05
2.2183e-05
2.2183e-05
2.2183e-05
2.2183e-05
2.21829e-05
2.21829e-05
2.21829e-05
2.21829e-05
2.21829e-05
2.21829e-05
2.2183e-05
2.2183e-05
2.2183e-05
2.2183e-05
2.2183e-05
2.2183e-05
2.2183e-05
2.2183e-05
2.2183e-05
2.2183e-05
2.2183e-05
2.2183e-05
2.2183e-05
2.2183e-05
2.2183e-05
2.2183e-05
2.2183e-05
2.2183e-05
2.2183e-05
2.2183e-05
2.2183e-05
2.17631e-05
2.17631e-05
2.17631e-05
2.17631e-05
2.17631e-05
2.17631e-05
2.17631e-05
2.17631e-05
2.17631e-05
2.17631e-05
2.17631e-05
2.17631e-05
2.17631e-05
2.1763e-05
2.1763e-05
2.1763e-05
2.1763e-05
2.1763e-05
2.17631e-05
2.17631e-05
2.17631e-05
2.17631e-05
2.17631e-05
2.17631e-05
2.17631e-05
2.17631e-05
2.17631e-05
2.17631e-05
2.17631e-05
2.17631e-05
2.17631e-05
2.17631e-05
2.17631e-05
2.17631e-05
2.17631e-05
2.17631e-05
2.17631e-05
2.17631e-05
2.17631e-05
2.13412e-05
2.13412e-05
2.13412e-05
2.13412e-05
2.13412e-05
2.13412e-05
2.13412e-05
2.13412e-05
2.13412e-05
2.13412e-05
2.13412e-05
2.13412e-05
2.13412e-05
2.13412e-05
2.13412e-05
2.13412e-05
2.13412e-05
2.13412e-05
2.13412e-05
2.13412e-05
2.13412e-05
2.13412e-05
2.13412e-05
2.13412e-05
2.13412e-05
2.13412e-05
2.13412e-05
2.13412e-05
2.13412e-05
2.13412e-05
2.13412e-05
2.13412e-05
2.13412e-05
2.13412e-05
2.13412e-05
2.13412e-05
2.13412e-05
2.13412e-05
2.13412e-05
2.0918e-05
2.0918e-05
2.0918e-05
2.0918e-05
2.0918e-05
2.0918e-05
2.0918e-05
2.0918e-05
2.0918e-05
2.0918e-05
2.0918e-05
2.0918e-05
2.09179e-05
2.09179e-05
2.09179e-05
2.09179e-05
2.09179e-05
2.09179e-05
2.09179e-05
2.09179e-05
2.09179e-05
2.09179e-05
2.0918e-05
2.0918e-05
2.0918e-05
2.0918e-05
2.0918e-05
2.0918e-05
2.0918e-05
2.0918e-05
2.0918e-05
2.0918e-05
2.0918e-05
2.0918e-05
2.0918e-05
2.0918e-05
2.0918e-05
2.0918e-05
2.0918e-05
2.0494e-05
2.0494e-05
2.0494e-05
2.0494e-05
2.0494e-05
2.0494e-05
2.0494e-05
2.0494e-05
2.0494e-05
2.0494e-05
2.0494e-05
2.0494e-05
2.0494e-05
2.0494e-05
2.0494e-05
2.0494e-05
2.0494e-05
2.0494e-05
2.0494e-05
2.0494e-05
2.0494e-05
2.0494e-05
2.0494e-05
2.0494e-05
2.0494e-05
2.0494e-05
2.0494e-05
2.0494e-05
2.0494e-05
2.0494e-05
2.0494e-05
2.0494e-05
2.0494e-05
2.0494e-05
2.0494e-05
2.0494e-05
2.0494e-05
2.0494e-05
2.0494e-05
2.007e-05
2.007e-05
2.007e-05
2.007e-05
2.007e-05
2.00699e-05
2.00699e-05
2.00699e-05
2.00699e-05
2.00699e-05
2.00699e-05
2.00699e-05
2.00699e-05
2.00699e-05
2.00699e-05
2.00699e-05
2.00699e-05
2.00699e-05
2.00699e-05
2.00699e-05
2.00699e-05
2.00699e-05
2.00699e-05
2.00699e-05
2.00699e-05
2.00699e-05
2.00699e-05
2.00699e-05
2.00699e-05
2.00699e-05
2.00699e-05
2.007e-05
2.007e-05
2.007e-05
2.007e-05
2.007e-05
2.007e-05
2.007e-05
2.007e-05
1.96465e-05
1.96465e-05
1.96465e-05
1.96465e-05
1.96465e-05
1.96465e-05
1.96465e-05
1.96465e-05
1.96465e-05
1.96465e-05
1.96465e-05
1.96465e-05
1.96465e-05
1.96465e-05
1.96465e-05
1.96465e-05
1.96465e-05
1.96465e-05
1.96465e-05
1.96465e-05
1.96465e-05
1.96465e-05
1.96465e-05
1.96465e-05
1.96465e-05
1.96465e-05
1.96465e-05
1.96465e-05
1.96465e-05
1.96465e-05
1.96465e-05
1.96465e-05
1.96465e-05
1.96465e-05
1.96465e-05
1.96465e-05
1.96465e-05
1.96465e-05
1.96465e-05
1.92244e-05
1.92244e-05
1.92244e-05
1.92244e-05
1.92244e-05
1.92244e-05
1.92244e-05
1.92244e-05
1.92244e-05
1.92244e-05
1.92244e-05
1.92244e-05
1.92244e-05
1.92244e-05
1.92244e-05
1.92244e-05
1.92244e-05
1.92244e-05
1.92244e-05
1.92244e-05
1.92244e-05
1.92244e-05
1.92244e-05
1.92244e-05
1.92244e-05
1.92244e-05
1.92244e-05
1.92244e-05
1.92244e-05
1.92244e-05
1.92244e-05
1.92244e-05
1.92244e-05
1.92244e-05
1.92244e-05
1.92244e-05
1.92244e-05
1.92244e-05
1.92244e-05
1.88043e-05
1.88043e-05
1.88043e-05
1.88043e-05
1.88043e-05
1.88043e-05
1.88043e-05
1.88043e-05
1.88043e-05
1.88043e-05
1.88043e-05
1.88043e-05
1.88043e-05
1.88043e-05
1.88043e-05
1.88043e-05
1.88043e-05
1.88043e-05
1.88043e-05
1.88043e-05
1.88043e-05
1.88043e-05
1.88043e-05
1.88043e-05
1.88043e-05
1.88043e-05
1.88043e-05
1.88043e-05
1.88043e-05
1.88043e-05
1.88043e-05
1.88043e-05
1.88043e-05
1.88043e-05
1.88043e-05
1.88043e-05
1.88043e-05
1.88043e-05
1.88043e-05
1.8387e-05
1.8387e-05
1.8387e-05
1.8387e-05
1.8387e-05
1.8387e-05
1.8387e-05
1.8387e-05
1.8387e-05
1.8387e-05
1.8387e-05
1.8387e-05
1.8387e-05
1.8387e-05
1.8387e-05
1.8387e-05
1.8387e-05
1.8387e-05
1.8387e-05
1.8387e-05
1.8387e-05
1.8387e-05
1.8387e-05
1.8387e-05
1.8387e-05
1.8387e-05
1.8387e-05
1.8387e-05
1.8387e-05
1.8387e-05
1.8387e-05
1.8387e-05
1.8387e-05
1.8387e-05
1.8387e-05
1.8387e-05
1.8387e-05
1.8387e-05
1.8387e-05
1.79734e-05
1.79734e-05
1.79734e-05
1.79734e-05
1.79734e-05
1.79734e-05
1.79734e-05
1.79734e-05
1.79734e-05
1.79734e-05
1.79734e-05
1.79734e-05
1.79734e-05
1.79734e-05
1.79734e-05
1.79734e-05
1.79734e-05
1.79734e-05
1.79734e-05
1.79734e-05
1.79734e-05
1.79734e-05
1.79734e-05
1.79734e-05
1.79734e-05
1.79734e-05
1.79734e-05
1.79734e-05
1.79734e-05
1.79734e-05
1.79734e-05
1.79734e-05
1.79734e-05
1.79734e-05
1.79734e-05
1.79734e-05
1.79734e-05
1.79734e-05
1.79734e-05
1.75641e-05
1.75641e-05
1.75641e-05
1.75641e-05
1.75641e-05
1.75641e-05
1.75641e-05
1.75641e-05
1.75641e-05
1.75641e-05
1.75641e-05
1.75641e-05
1.75641e-05
1.75641e-05
1.75641e-05
1.75641e-05
1.75641e-05
1.75641e-05
1.75641e-05
1.75641e-05
1.75641e-05
1.75641e-05
1.75641e-05
1.75641e-05
1.75641e-05
1.75641e-05
1.75641e-05
1.75641e-05
1.75641e-05
1.75641e-05
1.75641e-05
1.75641e-05
1.75641e-05
1.75641e-05
1.75641e-05
1.75641e-05
1.75641e-05
1.75642e-05
1.75642e-05
1.71602e-05
1.71602e-05
1.71602e-05
1.71602e-05
1.71602e-05
1.71602e-05
1.71602e-05
1.71602e-05
1.71602e-05
1.71602e-05
1.71602e-05
1.71602e-05
1.71602e-05
1.71602e-05
1.71602e-05
1.71602e-05
1.71602e-05
1.71602e-05
1.71602e-05
1.71602e-05
1.71602e-05
1.71602e-05
1.71602e-05
1.71602e-05
1.71602e-05
1.71602e-05
1.71602e-05
1.71602e-05
1.71602e-05
1.71602e-05
1.71602e-05
1.71602e-05
1.71602e-05
1.71602e-05
1.71602e-05
1.71602e-05
1.71602e-05
1.71602e-05
1.71602e-05
1.67625e-05
1.67625e-05
1.67625e-05
1.67625e-05
1.67625e-05
1.67625e-05
1.67625e-05
1.67625e-05
1.67625e-05
1.67625e-05
1.67625e-05
1.67625e-05
1.67625e-05
1.67625e-05
1.67625e-05
1.67625e-05
1.67625e-05
1.67625e-05
1.67625e-05
1.67625e-05
1.67625e-05
1.67625e-05
1.67625e-05
1.67625e-05
1.67625e-05
1.67625e-05
1.67625e-05
1.67625e-05
1.67625e-05
1.67625e-05
1.67625e-05
1.67625e-05
1.67625e-05
1.67625e-05
1.67625e-05
1.67625e-05
1.67625e-05
1.67625e-05
1.67625e-05
1.63718e-05
1.63718e-05
1.63718e-05
1.63718e-05
1.63718e-05
1.63718e-05
1.63718e-05
1.63718e-05
1.63718e-05
1.63718e-05
1.63718e-05
1.63718e-05
1.63718e-05
1.63718e-05
1.63718e-05
1.63718e-05
1.63718e-05
1.63718e-05
1.63718e-05
1.63718e-05
1.63718e-05
1.63718e-05
1.63718e-05
1.63718e-05
1.63718e-05
1.63718e-05
1.63718e-05
1.63718e-05
1.63718e-05
1.63718e-05
1.63718e-05
1.63718e-05
1.63718e-05
1.63718e-05
1.63718e-05
1.63718e-05
1.63718e-05
1.63718e-05
1.63718e-05
1.59892e-05
1.59892e-05
1.59892e-05
1.59892e-05
1.59892e-05
1.59892e-05
1.59892e-05
1.59892e-05
1.59892e-05
1.59892e-05
1.59892e-05
1.59892e-05
1.59892e-05
1.59892e-05
1.59892e-05
1.59892e-05
1.59892e-05
1.59892e-05
1.59892e-05
1.59892e-05
1.59892e-05
1.59892e-05
1.59892e-05
1.59892e-05
1.59892e-05
1.59892e-05
1.59892e-05
1.59892e-05
1.59892e-05
1.59892e-05
1.59892e-05
1.59892e-05
1.59892e-05
1.59892e-05
1.59892e-05
1.59892e-05
1.59892e-05
1.59892e-05
1.59892e-05
1.56156e-05
1.56156e-05
1.56156e-05
1.56156e-05
1.56156e-05
1.56156e-05
1.56156e-05
1.56156e-05
1.56156e-05
1.56156e-05
1.56156e-05
1.56156e-05
1.56156e-05
1.56156e-05
1.56156e-05
1.56156e-05
1.56156e-05
1.56156e-05
1.56156e-05
1.56156e-05
1.56156e-05
1.56156e-05
1.56156e-05
1.56156e-05
1.56156e-05
1.56156e-05
1.56156e-05
1.56156e-05
1.56156e-05
1.56156e-05
1.56156e-05
1.56156e-05
1.56156e-05
1.56156e-05
1.56156e-05
1.56156e-05
1.56156e-05
1.56156e-05
1.56156e-05
1.52519e-05
1.52519e-05
1.52519e-05
1.52519e-05
1.52519e-05
1.52519e-05
1.52519e-05
1.52519e-05
1.52519e-05
1.52519e-05
1.52519e-05
1.52519e-05
1.52519e-05
1.52519e-05
1.52519e-05
1.52519e-05
1.52519e-05
1.52519e-05
1.52519e-05
1.52519e-05
1.52519e-05
1.52519e-05
1.52519e-05
1.52519e-05
1.52519e-05
1.52519e-05
1.52519e-05
1.52519e-05
1.52519e-05
1.52519e-05
1.52519e-05
1.52519e-05
1.52519e-05
1.52519e-05
1.52519e-05
1.52519e-05
1.52519e-05
1.52519e-05
1.52519e-05
1.48992e-05
1.48992e-05
1.48992e-05
1.48992e-05
1.48992e-05
1.48992e-05
1.48992e-05
1.48992e-05
1.48992e-05
1.48992e-05
1.48992e-05
1.48992e-05
1.48992e-05
1.48992e-05
1.48992e-05
1.48992e-05
1.48992e-05
1.48992e-05
1.48992e-05
1.48992e-05
1.48992e-05
1.48992e-05
1.48992e-05
1.48992e-05
1.48992e-05
1.48992e-05
1.48992e-05
1.48992e-05
1.48992e-05
1.48992e-05
1.48992e-05
1.48992e-05
1.48992e-05
1.48992e-05
1.48992e-05
1.48992e-05
1.48992e-05
1.48992e-05
1.48992e-05
1.45585e-05
1.45585e-05
1.45585e-05
1.45585e-05
1.45585e-05
1.45585e-05
1.45585e-05
1.45585e-05
1.45585e-05
1.45585e-05
1.45585e-05
1.45585e-05
1.45585e-05
1.45585e-05
1.45585e-05
1.45585e-05
1.45585e-05
1.45585e-05
1.45585e-05
1.45585e-05
1.45585e-05
1.45585e-05
1.45585e-05
1.45585e-05
1.45585e-05
1.45585e-05
1.45585e-05
1.45585e-05
1.45585e-05
1.45585e-05
1.45585e-05
1.45585e-05
1.45585e-05
1.45585e-05
1.45585e-05
1.45585e-05
1.45585e-05
1.45585e-05
1.45585e-05
1.42308e-05
1.42308e-05
1.42308e-05
1.42308e-05
1.42308e-05
1.42308e-05
1.42308e-05
1.42308e-05
1.42308e-05
1.42308e-05
1.42308e-05
1.42308e-05
1.42308e-05
1.42308e-05
1.42308e-05
1.42308e-05
1.42308e-05
1.42308e-05
1.42308e-05
1.42308e-05
1.42308e-05
1.42308e-05
1.42308e-05
1.42308e-05
1.42308e-05
1.42308e-05
1.42308e-05
1.42308e-05
1.42308e-05
1.42308e-05
1.42308e-05
1.42308e-05
1.42308e-05
1.42308e-05
1.42308e-05
1.42308e-05
1.42308e-05
1.42308e-05
1.42308e-05
1.39172e-05
1.39172e-05
1.39172e-05
1.39172e-05
1.39172e-05
1.39172e-05
1.39172e-05
1.39172e-05
1.39172e-05
1.39173e-05
1.39173e-05
1.39173e-05
1.39173e-05
1.39173e-05
1.39173e-05
1.39173e-05
1.39173e-05
1.39173e-05
1.39173e-05
1.39173e-05
1.39173e-05
1.39173e-05
1.39173e-05
1.39173e-05
1.39173e-05
1.39173e-05
1.39173e-05
1.39173e-05
1.39173e-05
1.39173e-05
1.39173e-05
1.39173e-05
1.39173e-05
1.39173e-05
1.39173e-05
1.39173e-05
1.39173e-05
1.39173e-05
1.39173e-05
1.36189e-05
1.36189e-05
1.36189e-05
1.36189e-05
1.36189e-05
1.36189e-05
1.36189e-05
1.36189e-05
1.36189e-05
1.36189e-05
1.36189e-05
1.36189e-05
1.36189e-05
1.36189e-05
1.36189e-05
1.36189e-05
1.36189e-05
1.36189e-05
1.36189e-05
1.36189e-05
1.36189e-05
1.36189e-05
1.36189e-05
1.36189e-05
1.36189e-05
1.36189e-05
1.36189e-05
1.36189e-05
1.36189e-05
1.36189e-05
1.36189e-05
1.36189e-05
1.36189e-05
1.36189e-05
1.36189e-05
1.36189e-05
1.36189e-05
1.36189e-05
1.36189e-05
1.33368e-05
1.33368e-05
1.33368e-05
1.33368e-05
1.33368e-05
1.33368e-05
1.33368e-05
1.33368e-05
1.33368e-05
1.33368e-05
1.33368e-05
1.33368e-05
1.33368e-05
1.33368e-05
1.33368e-05
1.33368e-05
1.33368e-05
1.33368e-05
1.33368e-05
1.33368e-05
1.33368e-05
1.33368e-05
1.33368e-05
1.33368e-05
1.33368e-05
1.33368e-05
1.33368e-05
1.33368e-05
1.33368e-05
1.33368e-05
1.33368e-05
1.33368e-05
1.33368e-05
1.33368e-05
1.33368e-05
1.33368e-05
1.33368e-05
1.33368e-05
1.33368e-05
1.30721e-05
1.30721e-05
1.30721e-05
1.30721e-05
1.30721e-05
1.30721e-05
1.30721e-05
1.30721e-05
1.30721e-05
1.30721e-05
1.30721e-05
1.30721e-05
1.30721e-05
1.30721e-05
1.30721e-05
1.30721e-05
1.30721e-05
1.30721e-05
1.30721e-05
1.30721e-05
1.30721e-05
1.30721e-05
1.30721e-05
1.30721e-05
1.30721e-05
1.30721e-05
1.30721e-05
1.30721e-05
1.30721e-05
1.30721e-05
1.30721e-05
1.30721e-05
1.30721e-05
1.30721e-05
1.30721e-05
1.30721e-05
1.30721e-05
1.30721e-05
1.30721e-05
1.28259e-05
1.28259e-05
1.28259e-05
1.28259e-05
1.28259e-05
1.28259e-05
1.28259e-05
1.28259e-05
1.28259e-05
1.28259e-05
1.28259e-05
1.28259e-05
1.28259e-05
1.28259e-05
1.28259e-05
1.28259e-05
1.28259e-05
1.28259e-05
1.28259e-05
1.28259e-05
1.28259e-05
1.28259e-05
1.28259e-05
1.28259e-05
1.28259e-05
1.28259e-05
1.28259e-05
1.28259e-05
1.28259e-05
1.28259e-05
1.28259e-05
1.28259e-05
1.28259e-05
1.28259e-05
1.28259e-05
1.28259e-05
1.28259e-05
1.28259e-05
1.28259e-05
1.25993e-05
1.25993e-05
1.25993e-05
1.25993e-05
1.25993e-05
1.25993e-05
1.25993e-05
1.25993e-05
1.25993e-05
1.25993e-05
1.25993e-05
1.25993e-05
1.25993e-05
1.25993e-05
1.25993e-05
1.25993e-05
1.25993e-05
1.25993e-05
1.25993e-05
1.25993e-05
1.25993e-05
1.25993e-05
1.25993e-05
1.25993e-05
1.25993e-05
1.25993e-05
1.25993e-05
1.25993e-05
1.25993e-05
1.25993e-05
1.25993e-05
1.25993e-05
1.25993e-05
1.25993e-05
1.25993e-05
1.25993e-05
1.25993e-05
1.25993e-05
1.25993e-05
1.23934e-05
1.23934e-05
1.23934e-05
1.23934e-05
1.23934e-05
1.23934e-05
1.23934e-05
1.23934e-05
1.23934e-05
1.23934e-05
1.23934e-05
1.23934e-05
1.23934e-05
1.23934e-05
1.23934e-05
1.23934e-05
1.23934e-05
1.23934e-05
1.23934e-05
1.23934e-05
1.23934e-05
1.23934e-05
1.23934e-05
1.23934e-05
1.23934e-05
1.23934e-05
1.23934e-05
1.23934e-05
1.23934e-05
1.23934e-05
1.23934e-05
1.23934e-05
1.23934e-05
1.23934e-05
1.23934e-05
1.23934e-05
1.23934e-05
1.23934e-05
1.23934e-05
1.22094e-05
1.22094e-05
1.22094e-05
1.22094e-05
1.22094e-05
1.22094e-05
1.22094e-05
1.22094e-05
1.22094e-05
1.22094e-05
1.22094e-05
1.22094e-05
1.22094e-05
1.22094e-05
1.22094e-05
1.22094e-05
1.22094e-05
1.22094e-05
1.22094e-05
1.22094e-05
1.22094e-05
1.22094e-05
1.22094e-05
1.22094e-05
1.22094e-05
1.22094e-05
1.22094e-05
1.22094e-05
1.22094e-05
1.22094e-05
1.22094e-05
1.22094e-05
1.22094e-05
1.22094e-05
1.22094e-05
1.22094e-05
1.22094e-05
1.22094e-05
1.22094e-05
1.20483e-05
1.20483e-05
1.20483e-05
1.20483e-05
1.20483e-05
1.20483e-05
1.20483e-05
1.20483e-05
1.20483e-05
1.20483e-05
1.20483e-05
1.20483e-05
1.20483e-05
1.20483e-05
1.20483e-05
1.20483e-05
1.20483e-05
1.20483e-05
1.20483e-05
1.20483e-05
1.20483e-05
1.20483e-05
1.20483e-05
1.20483e-05
1.20483e-05
1.20483e-05
1.20483e-05
1.20483e-05
1.20483e-05
1.20483e-05
1.20483e-05
1.20483e-05
1.20483e-05
1.20483e-05
1.20483e-05
1.20483e-05
1.20483e-05
1.20483e-05
1.20483e-05
1.19113e-05
1.19113e-05
1.19113e-05
1.19113e-05
1.19113e-05
1.19113e-05
1.19113e-05
1.19113e-05
1.19113e-05
1.19113e-05
1.19113e-05
1.19113e-05
1.19113e-05
1.19113e-05
1.19113e-05
1.19113e-05
1.19113e-05
1.19113e-05
1.19113e-05
1.19113e-05
1.19113e-05
1.19113e-05
1.19113e-05
1.19113e-05
1.19113e-05
1.19113e-05
1.19113e-05
1.19113e-05
1.19113e-05
1.19113e-05
1.19113e-05
1.19113e-05
1.19113e-05
1.19114e-05
1.19114e-05
1.19114e-05
1.19114e-05
1.19114e-05
1.19113e-05
1.17995e-05
1.17995e-05
1.17995e-05
1.17995e-05
1.17995e-05
1.17995e-05
1.17995e-05
1.17995e-05
1.17995e-05
1.17995e-05
1.17995e-05
1.17995e-05
1.17995e-05
1.17995e-05
1.17995e-05
1.17995e-05
1.17995e-05
1.17995e-05
1.17995e-05
1.17995e-05
1.17995e-05
1.17995e-05
1.17995e-05
1.17995e-05
1.17995e-05
1.17995e-05
1.17995e-05
1.17995e-05
1.17995e-05
1.17995e-05
1.17995e-05
1.17995e-05
1.17995e-05
1.17995e-05
1.17995e-05
1.17995e-05
1.17995e-05
1.17995e-05
1.17995e-05
1.1714e-05
1.1714e-05
1.1714e-05
1.1714e-05
1.1714e-05
1.1714e-05
1.1714e-05
1.1714e-05
1.1714e-05
1.1714e-05
1.1714e-05
1.1714e-05
1.1714e-05
1.1714e-05
1.1714e-05
1.1714e-05
1.1714e-05
1.1714e-05
1.1714e-05
1.1714e-05
1.1714e-05
1.1714e-05
1.1714e-05
1.1714e-05
1.1714e-05
1.1714e-05
1.1714e-05
1.1714e-05
1.1714e-05
1.1714e-05
1.1714e-05
1.1714e-05
1.1714e-05
1.1714e-05
1.1714e-05
1.1714e-05
1.1714e-05
1.1714e-05
1.1714e-05
1.16559e-05
1.16559e-05
1.16559e-05
1.16559e-05
1.16559e-05
1.16559e-05
1.16559e-05
1.16559e-05
1.16559e-05
1.16559e-05
1.16559e-05
1.16559e-05
1.16559e-05
1.16559e-05
1.16559e-05
1.16559e-05
1.16559e-05
1.16559e-05
1.16559e-05
1.16559e-05
1.16559e-05
1.16559e-05
1.16559e-05
1.16559e-05
1.16559e-05
1.16559e-05
1.16559e-05
1.16559e-05
1.16559e-05
1.16559e-05
1.16559e-05
1.16559e-05
1.16559e-05
1.16559e-05
1.16559e-05
1.16559e-05
1.16559e-05
1.16559e-05
1.16559e-05
1.16262e-05
1.16262e-05
1.16262e-05
1.16262e-05
1.16262e-05
1.16262e-05
1.16262e-05
1.16262e-05
1.16262e-05
1.16262e-05
1.16262e-05
1.16262e-05
1.16262e-05
1.16262e-05
1.16262e-05
1.16262e-05
1.16262e-05
1.16262e-05
1.16262e-05
1.16262e-05
1.16262e-05
1.16262e-05
1.16262e-05
1.16262e-05
1.16262e-05
1.16262e-05
1.16262e-05
1.16262e-05
1.16262e-05
1.16262e-05
1.16262e-05
1.16262e-05
1.16262e-05
1.16262e-05
1.16262e-05
1.16262e-05
1.16262e-05
1.16262e-05
1.16262e-05
1.16262e-05
1.16262e-05
1.16262e-05
1.16262e-05
1.16262e-05
1.16262e-05
1.16262e-05
1.16262e-05
1.16262e-05
1.16262e-05
1.16262e-05
1.16262e-05
1.16262e-05
1.16262e-05
1.16262e-05
1.16262e-05
1.16262e-05
1.16262e-05
1.16262e-05
1.16262e-05
1.16262e-05
1.16262e-05
1.16262e-05
1.16262e-05
1.16262e-05
1.16262e-05
1.16262e-05
1.16262e-05
1.16262e-05
1.16262e-05
1.16262e-05
1.16262e-05
1.16262e-05
1.16262e-05
1.16262e-05
1.16262e-05
1.16262e-05
1.16262e-05
1.16262e-05
1.16559e-05
1.16559e-05
1.16559e-05
1.16559e-05
1.16559e-05
1.16559e-05
1.16559e-05
1.16559e-05
1.16559e-05
1.16559e-05
1.16559e-05
1.16559e-05
1.16559e-05
1.16559e-05
1.16559e-05
1.16559e-05
1.16559e-05
1.16559e-05
1.16559e-05
1.16559e-05
1.16559e-05
1.16559e-05
1.16559e-05
1.16559e-05
1.16559e-05
1.16559e-05
1.16559e-05
1.16559e-05
1.16559e-05
1.16559e-05
1.16559e-05
1.16559e-05
1.16559e-05
1.16559e-05
1.16559e-05
1.16559e-05
1.16559e-05
1.16559e-05
1.16559e-05
1.1714e-05
1.1714e-05
1.1714e-05
1.1714e-05
1.1714e-05
1.1714e-05
1.1714e-05
1.1714e-05
1.1714e-05
1.1714e-05
1.1714e-05
1.1714e-05
1.1714e-05
1.1714e-05
1.1714e-05
1.1714e-05
1.1714e-05
1.1714e-05
1.1714e-05
1.1714e-05
1.1714e-05
1.1714e-05
1.1714e-05
1.1714e-05
1.1714e-05
1.1714e-05
1.1714e-05
1.1714e-05
1.1714e-05
1.1714e-05
1.1714e-05
1.1714e-05
1.1714e-05
1.1714e-05
1.1714e-05
1.1714e-05
1.1714e-05
1.1714e-05
1.1714e-05
1.17995e-05
1.17995e-05
1.17995e-05
1.17995e-05
1.17995e-05
1.17995e-05
1.17995e-05
1.17995e-05
1.17995e-05
1.17995e-05
1.17995e-05
1.17995e-05
1.17995e-05
1.17995e-05
1.17995e-05
1.17995e-05
1.17995e-05
1.17995e-05
1.17995e-05
1.17995e-05
1.17995e-05
1.17995e-05
1.17995e-05
1.17995e-05
1.17995e-05
1.17995e-05
1.17995e-05
1.17995e-05
1.17995e-05
1.17995e-05
1.17995e-05
1.17995e-05
1.17995e-05
1.17995e-05
1.17995e-05
1.17995e-05
1.17995e-05
1.17995e-05
1.17995e-05
1.19113e-05
1.19113e-05
1.19113e-05
1.19113e-05
1.19113e-05
1.19113e-05
1.19113e-05
1.19113e-05
1.19113e-05
1.19113e-05
1.19113e-05
1.19113e-05
1.19113e-05
1.19113e-05
1.19113e-05
1.19113e-05
1.19113e-05
1.19113e-05
1.19113e-05
1.19113e-05
1.19113e-05
1.19113e-05
1.19113e-05
1.19113e-05
1.19113e-05
1.19113e-05
1.19113e-05
1.19113e-05
1.19113e-05
1.19113e-05
1.19113e-05
1.19113e-05
1.19113e-05
1.19113e-05
1.19113e-05
1.19113e-05
1.19113e-05
1.19113e-05
1.19113e-05
1.20483e-05
1.20483e-05
1.20483e-05
1.20483e-05
1.20483e-05
1.20483e-05
1.20483e-05
1.20483e-05
1.20483e-05
1.20483e-05
1.20483e-05
1.20483e-05
1.20483e-05
1.20483e-05
1.20483e-05
1.20483e-05
1.20483e-05
1.20483e-05
1.20483e-05
1.20483e-05
1.20483e-05
1.20483e-05
1.20483e-05
1.20483e-05
1.20483e-05
1.20483e-05
1.20483e-05
1.20483e-05
1.20483e-05
1.20483e-05
1.20483e-05
1.20483e-05
1.20483e-05
1.20483e-05
1.20483e-05
1.20483e-05
1.20483e-05
1.20483e-05
1.20483e-05
1.22094e-05
1.22094e-05
1.22094e-05
1.22094e-05
1.22094e-05
1.22094e-05
1.22094e-05
1.22094e-05
1.22094e-05
1.22094e-05
1.22094e-05
1.22094e-05
1.22094e-05
1.22094e-05
1.22094e-05
1.22094e-05
1.22094e-05
1.22094e-05
1.22094e-05
1.22094e-05
1.22094e-05
1.22094e-05
1.22094e-05
1.22094e-05
1.22094e-05
1.22094e-05
1.22094e-05
1.22094e-05
1.22094e-05
1.22094e-05
1.22094e-05
1.22094e-05
1.22094e-05
1.22094e-05
1.22094e-05
1.22094e-05
1.22094e-05
1.22094e-05
1.22094e-05
1.23934e-05
1.23934e-05
1.23934e-05
1.23934e-05
1.23934e-05
1.23934e-05
1.23934e-05
1.23934e-05
1.23934e-05
1.23934e-05
1.23934e-05
1.23934e-05
1.23934e-05
1.23934e-05
1.23934e-05
1.23934e-05
1.23934e-05
1.23934e-05
1.23934e-05
1.23934e-05
1.23934e-05
1.23934e-05
1.23934e-05
1.23934e-05
1.23934e-05
1.23934e-05
1.23934e-05
1.23934e-05
1.23934e-05
1.23934e-05
1.23934e-05
1.23934e-05
1.23934e-05
1.23934e-05
1.23934e-05
1.23934e-05
1.23934e-05
1.23934e-05
1.23934e-05
1.25993e-05
1.25993e-05
1.25993e-05
1.25993e-05
1.25993e-05
1.25993e-05
1.25993e-05
1.25993e-05
1.25993e-05
1.25993e-05
1.25993e-05
1.25993e-05
1.25993e-05
1.25993e-05
1.25993e-05
1.25993e-05
1.25993e-05
1.25993e-05
1.25993e-05
1.25993e-05
1.25993e-05
1.25993e-05
1.25993e-05
1.25993e-05
1.25993e-05
1.25993e-05
1.25993e-05
1.25993e-05
1.25993e-05
1.25993e-05
1.25993e-05
1.25993e-05
1.25993e-05
1.25993e-05
1.25993e-05
1.25993e-05
1.25993e-05
1.25993e-05
1.25993e-05
1.28259e-05
1.28259e-05
1.28259e-05
1.28259e-05
1.28259e-05
1.28259e-05
1.28259e-05
1.28259e-05
1.28259e-05
1.28259e-05
1.28259e-05
1.28259e-05
1.28259e-05
1.28259e-05
1.28259e-05
1.28259e-05
1.28259e-05
1.28259e-05
1.28259e-05
1.28259e-05
1.28259e-05
1.28259e-05
1.28259e-05
1.28259e-05
1.28259e-05
1.28259e-05
1.28259e-05
1.28259e-05
1.28259e-05
1.28259e-05
1.28259e-05
1.28259e-05
1.28259e-05
1.28259e-05
1.28259e-05
1.28259e-05
1.28259e-05
1.28259e-05
1.28259e-05
1.30721e-05
1.30721e-05
1.30721e-05
1.30721e-05
1.30721e-05
1.30721e-05
1.30721e-05
1.30721e-05
1.30721e-05
1.30721e-05
1.30721e-05
1.30721e-05
1.30721e-05
1.30721e-05
1.30721e-05
1.30721e-05
1.30721e-05
1.30721e-05
1.30721e-05
1.30721e-05
1.30721e-05
1.30721e-05
1.30721e-05
1.30721e-05
1.30721e-05
1.30721e-05
1.30721e-05
1.30721e-05
1.30721e-05
1.30721e-05
1.30721e-05
1.30721e-05
1.30721e-05
1.30721e-05
1.30721e-05
1.30721e-05
1.30721e-05
1.30721e-05
1.30721e-05
1.33368e-05
1.33368e-05
1.33368e-05
1.33368e-05
1.33368e-05
1.33368e-05
1.33368e-05
1.33368e-05
1.33368e-05
1.33368e-05
1.33368e-05
1.33368e-05
1.33368e-05
1.33368e-05
1.33368e-05
1.33368e-05
1.33368e-05
1.33368e-05
1.33368e-05
1.33368e-05
1.33368e-05
1.33368e-05
1.33368e-05
1.33368e-05
1.33368e-05
1.33368e-05
1.33368e-05
1.33368e-05
1.33368e-05
1.33368e-05
1.33368e-05
1.33368e-05
1.33368e-05
1.33368e-05
1.33368e-05
1.33368e-05
1.33368e-05
1.33368e-05
1.33368e-05
1.36188e-05
1.36188e-05
1.36188e-05
1.36188e-05
1.36188e-05
1.36188e-05
1.36189e-05
1.36189e-05
1.36189e-05
1.36189e-05
1.36189e-05
1.36189e-05
1.36189e-05
1.36189e-05
1.36189e-05
1.36189e-05
1.36189e-05
1.36189e-05
1.36189e-05
1.36189e-05
1.36189e-05
1.36189e-05
1.36189e-05
1.36189e-05
1.36189e-05
1.36189e-05
1.36189e-05
1.36189e-05
1.36189e-05
1.36189e-05
1.36189e-05
1.36189e-05
1.36189e-05
1.36189e-05
1.36189e-05
1.36189e-05
1.36189e-05
1.36189e-05
1.36189e-05
1.39172e-05
1.39172e-05
1.39172e-05
1.39172e-05
1.39172e-05
1.39172e-05
1.39172e-05
1.39172e-05
1.39172e-05
1.39172e-05
1.39172e-05
1.39172e-05
1.39172e-05
1.39172e-05
1.39172e-05
1.39172e-05
1.39172e-05
1.39172e-05
1.39172e-05
1.39172e-05
1.39172e-05
1.39172e-05
1.39172e-05
1.39172e-05
1.39172e-05
1.39172e-05
1.39172e-05
1.39172e-05
1.39172e-05
1.39172e-05
1.39172e-05
1.39172e-05
1.39172e-05
1.39172e-05
1.39172e-05
1.39172e-05
1.39172e-05
1.39172e-05
1.39172e-05
1.42308e-05
1.42308e-05
1.42308e-05
1.42308e-05
1.42308e-05
1.42308e-05
1.42308e-05
1.42308e-05
1.42308e-05
1.42308e-05
1.42308e-05
1.42308e-05
1.42308e-05
1.42308e-05
1.42308e-05
1.42308e-05
1.42308e-05
1.42308e-05
1.42308e-05
1.42308e-05
1.42308e-05
1.42308e-05
1.42308e-05
1.42308e-05
1.42308e-05
1.42308e-05
1.42308e-05
1.42308e-05
1.42308e-05
1.42308e-05
1.42308e-05
1.42308e-05
1.42308e-05
1.42308e-05
1.42308e-05
1.42308e-05
1.42308e-05
1.42308e-05
1.42308e-05
1.45585e-05
1.45585e-05
1.45585e-05
1.45585e-05
1.45585e-05
1.45585e-05
1.45585e-05
1.45585e-05
1.45585e-05
1.45585e-05
1.45585e-05
1.45585e-05
1.45585e-05
1.45585e-05
1.45585e-05
1.45585e-05
1.45585e-05
1.45585e-05
1.45585e-05
1.45585e-05
1.45585e-05
1.45585e-05
1.45585e-05
1.45585e-05
1.45585e-05
1.45585e-05
1.45585e-05
1.45585e-05
1.45585e-05
1.45585e-05
1.45585e-05
1.45585e-05
1.45585e-05
1.45585e-05
1.45585e-05
1.45585e-05
1.45585e-05
1.45585e-05
1.45585e-05
1.48992e-05
1.48992e-05
1.48992e-05
1.48992e-05
1.48992e-05
1.48992e-05
1.48992e-05
1.48992e-05
1.48992e-05
1.48992e-05
1.48992e-05
1.48992e-05
1.48992e-05
1.48992e-05
1.48992e-05
1.48992e-05
1.48992e-05
1.48992e-05
1.48992e-05
1.48992e-05
1.48992e-05
1.48992e-05
1.48992e-05
1.48992e-05
1.48992e-05
1.48992e-05
1.48992e-05
1.48992e-05
1.48992e-05
1.48992e-05
1.48992e-05
1.48992e-05
1.48992e-05
1.48992e-05
1.48992e-05
1.48992e-05
1.48992e-05
1.48992e-05
1.48992e-05
1.52519e-05
1.52519e-05
1.52519e-05
1.52519e-05
1.52519e-05
1.52519e-05
1.52519e-05
1.52519e-05
1.52519e-05
1.52519e-05
1.52519e-05
1.52519e-05
1.52519e-05
1.52519e-05
1.52519e-05
1.52519e-05
1.52519e-05
1.52519e-05
1.52519e-05
1.52519e-05
1.52519e-05
1.52519e-05
1.52519e-05
1.52519e-05
1.52519e-05
1.52519e-05
1.52519e-05
1.52519e-05
1.52519e-05
1.52519e-05
1.52519e-05
1.52519e-05
1.52519e-05
1.52519e-05
1.52519e-05
1.52519e-05
1.52519e-05
1.52519e-05
1.52519e-05
1.56156e-05
1.56156e-05
1.56156e-05
1.56156e-05
1.56156e-05
1.56156e-05
1.56156e-05
1.56156e-05
1.56156e-05
1.56156e-05
1.56156e-05
1.56156e-05
1.56156e-05
1.56156e-05
1.56156e-05
1.56156e-05
1.56156e-05
1.56156e-05
1.56156e-05
1.56156e-05
1.56156e-05
1.56156e-05
1.56156e-05
1.56156e-05
1.56156e-05
1.56156e-05
1.56156e-05
1.56156e-05
1.56156e-05
1.56156e-05
1.56156e-05
1.56156e-05
1.56156e-05
1.56156e-05
1.56156e-05
1.56156e-05
1.56156e-05
1.56156e-05
1.56156e-05
1.59892e-05
1.59892e-05
1.59892e-05
1.59892e-05
1.59892e-05
1.59892e-05
1.59892e-05
1.59892e-05
1.59892e-05
1.59892e-05
1.59892e-05
1.59892e-05
1.59892e-05
1.59892e-05
1.59892e-05
1.59892e-05
1.59892e-05
1.59892e-05
1.59892e-05
1.59892e-05
1.59892e-05
1.59892e-05
1.59892e-05
1.59892e-05
1.59892e-05
1.59892e-05
1.59892e-05
1.59892e-05
1.59892e-05
1.59892e-05
1.59892e-05
1.59892e-05
1.59892e-05
1.59892e-05
1.59892e-05
1.59892e-05
1.59892e-05
1.59892e-05
1.59892e-05
1.63718e-05
1.63718e-05
1.63718e-05
1.63718e-05
1.63718e-05
1.63718e-05
1.63718e-05
1.63718e-05
1.63718e-05
1.63718e-05
1.63718e-05
1.63718e-05
1.63718e-05
1.63718e-05
1.63718e-05
1.63718e-05
1.63718e-05
1.63718e-05
1.63718e-05
1.63718e-05
1.63718e-05
1.63718e-05
1.63718e-05
1.63718e-05
1.63718e-05
1.63718e-05
1.63718e-05
1.63718e-05
1.63718e-05
1.63718e-05
1.63718e-05
1.63718e-05
1.63718e-05
1.63718e-05
1.63718e-05
1.63718e-05
1.63718e-05
1.63718e-05
1.63718e-05
1.67625e-05
1.67625e-05
1.67625e-05
1.67625e-05
1.67625e-05
1.67625e-05
1.67625e-05
1.67625e-05
1.67625e-05
1.67625e-05
1.67625e-05
1.67625e-05
1.67625e-05
1.67625e-05
1.67625e-05
1.67625e-05
1.67625e-05
1.67625e-05
1.67625e-05
1.67625e-05
1.67625e-05
1.67625e-05
1.67625e-05
1.67625e-05
1.67625e-05
1.67625e-05
1.67625e-05
1.67625e-05
1.67625e-05
1.67625e-05
1.67625e-05
1.67625e-05
1.67625e-05
1.67625e-05
1.67625e-05
1.67625e-05
1.67625e-05
1.67625e-05
1.67625e-05
1.71602e-05
1.71602e-05
1.71602e-05
1.71602e-05
1.71602e-05
1.71602e-05
1.71602e-05
1.71602e-05
1.71602e-05
1.71602e-05
1.71602e-05
1.71602e-05
1.71602e-05
1.71602e-05
1.71602e-05
1.71602e-05
1.71602e-05
1.71602e-05
1.71602e-05
1.71602e-05
1.71602e-05
1.71602e-05
1.71602e-05
1.71602e-05
1.71602e-05
1.71602e-05
1.71602e-05
1.71602e-05
1.71602e-05
1.71602e-05
1.71602e-05
1.71602e-05
1.71602e-05
1.71602e-05
1.71602e-05
1.71602e-05
1.71602e-05
1.71602e-05
1.71602e-05
1.75642e-05
1.75642e-05
1.75642e-05
1.75642e-05
1.75642e-05
1.75642e-05
1.75642e-05
1.75642e-05
1.75642e-05
1.75642e-05
1.75642e-05
1.75642e-05
1.75641e-05
1.75641e-05
1.75641e-05
1.75641e-05
1.75641e-05
1.75641e-05
1.75641e-05
1.75641e-05
1.75641e-05
1.75641e-05
1.75641e-05
1.75641e-05
1.75641e-05
1.75641e-05
1.75641e-05
1.75641e-05
1.75642e-05
1.75642e-05
1.75642e-05
1.75642e-05
1.75642e-05
1.75642e-05
1.75642e-05
1.75642e-05
1.75642e-05
1.75642e-05
1.75642e-05
1.79734e-05
1.79734e-05
1.79734e-05
1.79734e-05
1.79734e-05
1.79734e-05
1.79734e-05
1.79734e-05
1.79734e-05
1.79734e-05
1.79734e-05
1.79734e-05
1.79734e-05
1.79734e-05
1.79734e-05
1.79734e-05
1.79734e-05
1.79734e-05
1.79734e-05
1.79734e-05
1.79734e-05
1.79734e-05
1.79734e-05
1.79734e-05
1.79734e-05
1.79734e-05
1.79734e-05
1.79734e-05
1.79734e-05
1.79734e-05
1.79734e-05
1.79734e-05
1.79734e-05
1.79734e-05
1.79734e-05
1.79734e-05
1.79734e-05
1.79734e-05
1.79734e-05
1.8387e-05
1.8387e-05
1.8387e-05
1.8387e-05
1.8387e-05
1.8387e-05
1.8387e-05
1.8387e-05
1.8387e-05
1.8387e-05
1.8387e-05
1.8387e-05
1.8387e-05
1.8387e-05
1.8387e-05
1.8387e-05
1.8387e-05
1.8387e-05
1.8387e-05
1.8387e-05
1.8387e-05
1.8387e-05
1.8387e-05
1.8387e-05
1.8387e-05
1.8387e-05
1.8387e-05
1.8387e-05
1.8387e-05
1.8387e-05
1.8387e-05
1.8387e-05
1.8387e-05
1.8387e-05
1.8387e-05
1.8387e-05
1.8387e-05
1.8387e-05
1.8387e-05
1.88043e-05
1.88043e-05
1.88043e-05
1.88043e-05
1.88043e-05
1.88043e-05
1.88043e-05
1.88043e-05
1.88043e-05
1.88043e-05
1.88043e-05
1.88043e-05
1.88043e-05
1.88043e-05
1.88043e-05
1.88043e-05
1.88043e-05
1.88043e-05
1.88043e-05
1.88043e-05
1.88043e-05
1.88043e-05
1.88043e-05
1.88043e-05
1.88043e-05
1.88043e-05
1.88043e-05
1.88043e-05
1.88043e-05
1.88043e-05
1.88043e-05
1.88043e-05
1.88043e-05
1.88043e-05
1.88043e-05
1.88043e-05
1.88043e-05
1.88043e-05
1.88043e-05
1.92244e-05
1.92244e-05
1.92244e-05
1.92244e-05
1.92244e-05
1.92244e-05
1.92244e-05
1.92244e-05
1.92244e-05
1.92244e-05
1.92244e-05
1.92244e-05
1.92244e-05
1.92244e-05
1.92244e-05
1.92244e-05
1.92244e-05
1.92244e-05
1.92244e-05
1.92244e-05
1.92244e-05
1.92244e-05
1.92244e-05
1.92244e-05
1.92244e-05
1.92244e-05
1.92244e-05
1.92244e-05
1.92244e-05
1.92244e-05
1.92244e-05
1.92244e-05
1.92244e-05
1.92244e-05
1.92244e-05
1.92244e-05
1.92244e-05
1.92244e-05
1.92244e-05
1.96465e-05
1.96465e-05
1.96465e-05
1.96465e-05
1.96465e-05
1.96465e-05
1.96465e-05
1.96465e-05
1.96465e-05
1.96465e-05
1.96465e-05
1.96465e-05
1.96465e-05
1.96465e-05
1.96465e-05
1.96465e-05
1.96465e-05
1.96465e-05
1.96465e-05
1.96465e-05
1.96465e-05
1.96465e-05
1.96465e-05
1.96465e-05
1.96465e-05
1.96465e-05
1.96465e-05
1.96465e-05
1.96465e-05
1.96465e-05
1.96465e-05
1.96465e-05
1.96465e-05
1.96465e-05
1.96465e-05
1.96465e-05
1.96465e-05
1.96465e-05
1.96465e-05
2.007e-05
2.007e-05
2.007e-05
2.007e-05
2.007e-05
2.007e-05
2.007e-05
2.007e-05
2.007e-05
2.007e-05
2.00699e-05
2.00699e-05
2.00699e-05
2.00699e-05
2.00699e-05
2.00699e-05
2.00699e-05
2.00699e-05
2.00699e-05
2.007e-05
2.007e-05
2.007e-05
2.007e-05
2.007e-05
2.007e-05
2.007e-05
2.007e-05
2.007e-05
2.007e-05
2.007e-05
2.007e-05
2.007e-05
2.007e-05
2.007e-05
2.007e-05
2.007e-05
2.007e-05
2.007e-05
2.007e-05
2.0494e-05
2.0494e-05
2.0494e-05
2.0494e-05
2.0494e-05
2.0494e-05
2.0494e-05
2.0494e-05
2.0494e-05
2.0494e-05
2.0494e-05
2.0494e-05
2.0494e-05
2.0494e-05
2.0494e-05
2.0494e-05
2.0494e-05
2.0494e-05
2.0494e-05
2.0494e-05
2.0494e-05
2.0494e-05
2.0494e-05
2.0494e-05
2.0494e-05
2.0494e-05
2.0494e-05
2.0494e-05
2.0494e-05
2.0494e-05
2.0494e-05
2.0494e-05
2.0494e-05
2.0494e-05
2.0494e-05
2.0494e-05
2.0494e-05
2.0494e-05
2.0494e-05
2.0918e-05
2.0918e-05
2.0918e-05
2.0918e-05
2.0918e-05
2.0918e-05
2.0918e-05
2.0918e-05
2.0918e-05
2.0918e-05
2.0918e-05
2.0918e-05
2.0918e-05
2.0918e-05
2.0918e-05
2.0918e-05
2.0918e-05
2.0918e-05
2.0918e-05
2.0918e-05
2.0918e-05
2.0918e-05
2.0918e-05
2.0918e-05
2.0918e-05
2.0918e-05
2.0918e-05
2.0918e-05
2.0918e-05
2.0918e-05
2.0918e-05
2.0918e-05
2.0918e-05
2.0918e-05
2.0918e-05
2.0918e-05
2.0918e-05
2.0918e-05
2.0918e-05
2.13412e-05
2.13412e-05
2.13412e-05
2.13412e-05
2.13412e-05
2.13412e-05
2.13412e-05
2.13412e-05
2.13412e-05
2.13412e-05
2.13412e-05
2.13412e-05
2.13412e-05
2.13412e-05
2.13412e-05
2.13412e-05
2.13412e-05
2.13412e-05
2.13412e-05
2.13412e-05
2.13412e-05
2.13412e-05
2.13412e-05
2.13412e-05
2.13412e-05
2.13412e-05
2.13412e-05
2.13412e-05
2.13412e-05
2.13412e-05
2.13412e-05
2.13412e-05
2.13412e-05
2.13412e-05
2.13412e-05
2.13412e-05
2.13412e-05
2.13412e-05
2.13412e-05
2.17631e-05
2.17631e-05
2.17631e-05
2.17631e-05
2.17631e-05
2.17631e-05
2.17631e-05
2.17631e-05
2.17631e-05
2.17631e-05
2.1763e-05
2.1763e-05
2.1763e-05
2.1763e-05
2.1763e-05
2.17631e-05
2.17631e-05
2.17631e-05
2.17631e-05
2.17631e-05
2.17631e-05
2.17631e-05
2.17631e-05
2.17631e-05
2.17631e-05
2.17631e-05
2.17631e-05
2.17631e-05
2.17631e-05
2.17631e-05
2.17631e-05
2.17631e-05
2.17631e-05
2.17631e-05
2.17631e-05
2.17631e-05
2.17631e-05
2.17631e-05
2.17631e-05
2.2183e-05
2.2183e-05
2.2183e-05
2.2183e-05
2.2183e-05
2.2183e-05
2.2183e-05
2.2183e-05
2.2183e-05
2.2183e-05
2.2183e-05
2.21829e-05
2.21829e-05
2.2183e-05
2.2183e-05
2.2183e-05
2.2183e-05
2.2183e-05
2.2183e-05
2.2183e-05
2.2183e-05
2.2183e-05
2.2183e-05
2.2183e-05
2.2183e-05
2.2183e-05
2.2183e-05
2.2183e-05
2.2183e-05
2.2183e-05
2.2183e-05
2.2183e-05
2.2183e-05
2.2183e-05
2.2183e-05
2.2183e-05
2.2183e-05
2.2183e-05
2.2183e-05
2.26004e-05
2.26003e-05
2.26003e-05
2.26003e-05
2.26003e-05
2.26003e-05
2.26003e-05
2.26003e-05
2.26003e-05
2.26003e-05
2.26003e-05
2.26003e-05
2.26003e-05
2.26003e-05
2.26003e-05
2.26003e-05
2.26003e-05
2.26003e-05
2.26003e-05
2.26003e-05
2.26003e-05
2.26004e-05
2.26004e-05
2.26004e-05
2.26004e-05
2.26004e-05
2.26004e-05
2.26004e-05
2.26004e-05
2.26004e-05
2.26004e-05
2.26004e-05
2.26004e-05
2.26004e-05
2.26004e-05
2.26004e-05
2.26004e-05
2.26004e-05
2.26004e-05
2.30146e-05
2.30146e-05
2.30146e-05
2.30146e-05
2.30146e-05
2.30145e-05
2.30145e-05
2.30145e-05
2.30145e-05
2.30145e-05
2.30145e-05
2.30145e-05
2.30145e-05
2.30145e-05
2.30145e-05
2.30145e-05
2.30145e-05
2.30146e-05
2.30146e-05
2.30146e-05
2.30146e-05
2.30146e-05
2.30146e-05
2.30146e-05
2.30146e-05
2.30146e-05
2.30146e-05
2.30146e-05
2.30147e-05
2.30147e-05
2.30147e-05
2.30147e-05
2.30147e-05
2.30147e-05
2.30147e-05
2.30146e-05
2.30146e-05
2.30146e-05
2.30146e-05
2.34254e-05
2.34254e-05
2.34253e-05
2.34253e-05
2.34253e-05
2.34253e-05
2.34253e-05
2.34253e-05
2.34253e-05
2.34253e-05
2.34253e-05
2.34253e-05
2.34253e-05
2.34253e-05
2.34253e-05
2.34253e-05
2.34253e-05
2.34253e-05
2.34253e-05
2.34253e-05
2.34254e-05
2.34254e-05
2.34254e-05
2.34254e-05
2.34254e-05
2.34254e-05
2.34254e-05
2.34254e-05
2.34254e-05
2.34254e-05
2.34254e-05
2.34254e-05
2.34254e-05
2.34254e-05
2.34254e-05
2.34254e-05
2.34254e-05
2.34254e-05
2.34254e-05
2.3833e-05
2.38329e-05
2.38329e-05
2.38329e-05
2.38329e-05
2.38329e-05
2.38329e-05
2.38329e-05
2.38329e-05
2.38329e-05
2.38329e-05
2.38329e-05
2.38329e-05
2.38329e-05
2.38329e-05
2.38329e-05
2.38329e-05
2.38329e-05
2.38329e-05
2.38329e-05
2.38329e-05
2.3833e-05
2.3833e-05
2.3833e-05
2.3833e-05
2.3833e-05
2.3833e-05
2.3833e-05
2.3833e-05
2.3833e-05
2.3833e-05
2.3833e-05
2.3833e-05
2.3833e-05
2.3833e-05
2.3833e-05
2.3833e-05
2.3833e-05
2.3833e-05
2.42374e-05
2.42374e-05
2.42374e-05
2.42374e-05
2.42374e-05
2.42374e-05
2.42374e-05
2.42374e-05
2.42374e-05
2.42373e-05
2.42373e-05
2.42373e-05
2.42373e-05
2.42374e-05
2.42374e-05
2.42374e-05
2.42374e-05
2.42374e-05
2.42374e-05
2.42374e-05
2.42374e-05
2.42374e-05
2.42375e-05
2.42375e-05
2.42375e-05
2.42375e-05
2.42375e-05
2.42375e-05
2.42375e-05
2.42375e-05
2.42375e-05
2.42375e-05
2.42375e-05
2.42375e-05
2.42375e-05
2.42375e-05
2.42375e-05
2.42375e-05
2.42375e-05
2.46376e-05
2.46376e-05
2.46375e-05
2.46375e-05
2.46375e-05
2.46375e-05
2.46375e-05
2.46375e-05
2.46375e-05
2.46375e-05
2.46375e-05
2.46375e-05
2.46375e-05
2.46375e-05
2.46375e-05
2.46375e-05
2.46375e-05
2.46375e-05
2.46375e-05
2.46375e-05
2.46376e-05
2.46376e-05
2.46376e-05
2.46376e-05
2.46376e-05
2.46376e-05
2.46376e-05
2.46377e-05
2.46377e-05
2.46377e-05
2.46377e-05
2.46377e-05
2.46377e-05
2.46377e-05
2.46376e-05
2.46376e-05
2.46376e-05
2.46376e-05
2.46376e-05
2.50316e-05
2.50316e-05
2.50315e-05
2.50315e-05
2.50315e-05
2.50315e-05
2.50315e-05
2.50315e-05
2.50315e-05
2.50315e-05
2.50315e-05
2.50315e-05
2.50315e-05
2.50315e-05
2.50315e-05
2.50315e-05
2.50315e-05
2.50315e-05
2.50315e-05
2.50315e-05
2.50316e-05
2.50316e-05
2.50316e-05
2.50316e-05
2.50316e-05
2.50316e-05
2.50317e-05
2.50317e-05
2.50317e-05
2.50317e-05
2.50317e-05
2.50317e-05
2.50317e-05
2.50317e-05
2.50317e-05
2.50316e-05
2.50316e-05
2.50316e-05
2.50316e-05
2.54176e-05
2.54176e-05
2.54176e-05
2.54175e-05
2.54175e-05
2.54175e-05
2.54175e-05
2.54175e-05
2.54175e-05
2.54175e-05
2.54175e-05
2.54175e-05
2.54175e-05
2.54175e-05
2.54175e-05
2.54175e-05
2.54175e-05
2.54175e-05
2.54176e-05
2.54176e-05
2.54176e-05
2.54176e-05
2.54176e-05
2.54177e-05
2.54177e-05
2.54177e-05
2.54177e-05
2.54177e-05
2.54177e-05
2.54177e-05
2.54177e-05
2.54177e-05
2.54177e-05
2.54177e-05
2.54177e-05
2.54177e-05
2.54177e-05
2.54177e-05
2.54176e-05
2.57941e-05
2.57941e-05
2.5794e-05
2.5794e-05
2.5794e-05
2.5794e-05
2.5794e-05
2.5794e-05
2.57939e-05
2.57939e-05
2.57939e-05
2.57939e-05
2.57939e-05
2.57939e-05
2.5794e-05
2.5794e-05
2.5794e-05
2.5794e-05
2.5794e-05
2.5794e-05
2.57941e-05
2.57941e-05
2.57941e-05
2.57941e-05
2.57941e-05
2.57942e-05
2.57942e-05
2.57942e-05
2.57942e-05
2.57942e-05
2.57942e-05
2.57942e-05
2.57942e-05
2.57942e-05
2.57942e-05
2.57942e-05
2.57941e-05
2.57941e-05
2.57941e-05
2.61596e-05
2.61596e-05
2.61595e-05
2.61595e-05
2.61595e-05
2.61595e-05
2.61595e-05
2.61595e-05
2.61594e-05
2.61594e-05
2.61594e-05
2.61594e-05
2.61594e-05
2.61594e-05
2.61595e-05
2.61595e-05
2.61595e-05
2.61595e-05
2.61595e-05
2.61596e-05
2.61596e-05
2.61596e-05
2.61596e-05
2.61596e-05
2.61597e-05
2.61597e-05
2.61597e-05
2.61597e-05
2.61597e-05
2.61597e-05
2.61597e-05
2.61597e-05
2.61597e-05
2.61597e-05
2.61597e-05
2.61597e-05
2.61597e-05
2.61596e-05
2.61596e-05
2.6513e-05
2.65129e-05
2.65129e-05
2.65129e-05
2.65129e-05
2.65128e-05
2.65128e-05
2.65128e-05
2.65128e-05
2.65128e-05
2.65128e-05
2.65128e-05
2.65128e-05
2.65128e-05
2.65128e-05
2.65128e-05
2.65128e-05
2.65129e-05
2.65129e-05
2.65129e-05
2.65129e-05
2.6513e-05
2.6513e-05
2.6513e-05
2.6513e-05
2.6513e-05
2.65131e-05
2.65131e-05
2.65131e-05
2.65131e-05
2.65131e-05
2.65131e-05
2.65131e-05
2.65131e-05
2.65131e-05
2.6513e-05
2.6513e-05
2.6513e-05
2.6513e-05
2.68531e-05
2.68531e-05
2.68531e-05
2.6853e-05
2.6853e-05
2.6853e-05
2.6853e-05
2.6853e-05
2.6853e-05
2.68529e-05
2.68529e-05
2.68529e-05
2.6853e-05
2.6853e-05
2.6853e-05
2.6853e-05
2.6853e-05
2.6853e-05
2.6853e-05
2.68531e-05
2.68531e-05
2.68531e-05
2.68531e-05
2.68532e-05
2.68532e-05
2.68532e-05
2.68532e-05
2.68532e-05
2.68533e-05
2.68533e-05
2.68533e-05
2.68533e-05
2.68533e-05
2.68532e-05
2.68532e-05
2.68532e-05
2.68532e-05
2.68532e-05
2.68532e-05
2.71791e-05
2.71791e-05
2.71791e-05
2.71791e-05
2.7179e-05
2.7179e-05
2.7179e-05
2.7179e-05
2.7179e-05
2.7179e-05
2.7179e-05
2.7179e-05
2.7179e-05
2.7179e-05
2.7179e-05
2.7179e-05
2.7179e-05
2.7179e-05
2.71791e-05
2.71791e-05
2.71791e-05
2.71791e-05
2.71792e-05
2.71792e-05
2.71792e-05
2.71792e-05
2.71792e-05
2.71793e-05
2.71793e-05
2.71793e-05
2.71793e-05
2.71793e-05
2.71793e-05
2.71793e-05
2.71793e-05
2.71792e-05
2.71792e-05
2.71792e-05
2.71792e-05
2.749e-05
2.749e-05
2.749e-05
2.749e-05
2.74899e-05
2.74899e-05
2.74899e-05
2.74899e-05
2.74899e-05
2.74899e-05
2.74899e-05
2.74899e-05
2.74899e-05
2.74899e-05
2.74899e-05
2.74899e-05
2.74899e-05
2.74899e-05
2.74899e-05
2.749e-05
2.749e-05
2.749e-05
2.749e-05
2.74901e-05
2.74901e-05
2.74901e-05
2.74901e-05
2.74902e-05
2.74902e-05
2.74902e-05
2.74902e-05
2.74902e-05
2.74902e-05
2.74902e-05
2.74902e-05
2.74901e-05
2.74901e-05
2.74901e-05
2.74901e-05
2.77848e-05
2.77848e-05
2.77848e-05
2.77847e-05
2.77847e-05
2.77847e-05
2.77847e-05
2.77847e-05
2.77847e-05
2.77846e-05
2.77846e-05
2.77846e-05
2.77846e-05
2.77846e-05
2.77847e-05
2.77847e-05
2.77847e-05
2.77847e-05
2.77847e-05
2.77847e-05
2.77848e-05
2.77848e-05
2.77848e-05
2.77848e-05
2.77849e-05
2.77849e-05
2.77849e-05
2.77849e-05
2.77849e-05
2.77849e-05
2.77849e-05
2.77849e-05
2.77849e-05
2.77849e-05
2.77849e-05
2.77849e-05
2.77849e-05
2.77849e-05
2.77849e-05
2.80624e-05
2.80624e-05
2.80623e-05
2.80623e-05
2.80623e-05
2.80623e-05
2.80622e-05
2.80622e-05
2.80622e-05
2.80622e-05
2.80622e-05
2.80622e-05
2.80622e-05
2.80622e-05
2.80622e-05
2.80622e-05
2.80622e-05
2.80623e-05
2.80623e-05
2.80623e-05
2.80623e-05
2.80623e-05
2.80624e-05
2.80624e-05
2.80624e-05
2.80624e-05
2.80624e-05
2.80625e-05
2.80625e-05
2.80625e-05
2.80625e-05
2.80625e-05
2.80625e-05
2.80625e-05
2.80625e-05
2.80625e-05
2.80624e-05
2.80624e-05
2.80624e-05
2.83215e-05
2.83215e-05
2.83214e-05
2.83214e-05
2.83214e-05
2.83214e-05
2.83214e-05
2.83214e-05
2.83213e-05
2.83213e-05
2.83213e-05
2.83213e-05
2.83213e-05
2.83213e-05
2.83213e-05
2.83214e-05
2.83214e-05
2.83214e-05
2.83214e-05
2.83214e-05
2.83214e-05
2.83214e-05
2.83215e-05
2.83215e-05
2.83215e-05
2.83215e-05
2.83215e-05
2.83215e-05
2.83216e-05
2.83216e-05
2.83216e-05
2.83216e-05
2.83216e-05
2.83216e-05
2.83216e-05
2.83216e-05
2.83215e-05
2.83215e-05
2.83215e-05
2.85607e-05
2.85607e-05
2.85607e-05
2.85607e-05
2.85607e-05
2.85607e-05
2.85606e-05
2.85606e-05
2.85606e-05
2.85606e-05
2.85606e-05
2.85606e-05
2.85606e-05
2.85606e-05
2.85606e-05
2.85606e-05
2.85606e-05
2.85606e-05
2.85607e-05
2.85607e-05
2.85607e-05
2.85607e-05
2.85607e-05
2.85607e-05
2.85607e-05
2.85607e-05
2.85608e-05
2.85608e-05
2.85608e-05
2.85608e-05
2.85608e-05
2.85608e-05
2.85608e-05
2.85608e-05
2.85608e-05
2.85608e-05
2.85608e-05
2.85608e-05
2.85608e-05
2.87785e-05
2.87785e-05
2.87785e-05
2.87785e-05
2.87785e-05
2.87785e-05
2.87785e-05
2.87785e-05
2.87784e-05
2.87784e-05
2.87784e-05
2.87784e-05
2.87784e-05
2.87784e-05
2.87784e-05
2.87785e-05
2.87785e-05
2.87785e-05
2.87785e-05
2.87785e-05
2.87785e-05
2.87785e-05
2.87785e-05
2.87785e-05
2.87785e-05
2.87785e-05
2.87785e-05
2.87785e-05
2.87785e-05
2.87785e-05
2.87785e-05
2.87785e-05
2.87785e-05
2.87785e-05
2.87785e-05
2.87785e-05
2.87785e-05
2.87785e-05
2.87785e-05
2.89729e-05
2.89729e-05
2.89729e-05
2.89729e-05
2.89729e-05
2.89729e-05
2.89729e-05
2.89729e-05
2.89729e-05
2.89729e-05
2.89729e-05
2.89729e-05
2.89729e-05
2.89729e-05
2.89729e-05
2.89729e-05
2.89729e-05
2.89729e-05
2.89729e-05
2.89729e-05
2.89729e-05
2.89729e-05
2.89729e-05
2.89729e-05
2.89729e-05
2.89729e-05
2.89729e-05
2.89729e-05
2.89729e-05
2.89729e-05
2.89729e-05
2.89729e-05
2.89729e-05
2.89729e-05
2.89729e-05
2.89729e-05
2.89729e-05
2.89729e-05
2.89729e-05
2.91418e-05
2.91418e-05
2.91418e-05
2.91418e-05
2.91418e-05
2.91418e-05
2.91418e-05
2.91418e-05
2.91418e-05
2.91418e-05
2.91418e-05
2.91418e-05
2.91418e-05
2.91419e-05
2.91419e-05
2.91419e-05
2.91419e-05
2.91419e-05
2.91418e-05
2.91418e-05
2.91418e-05
2.91418e-05
2.91418e-05
2.91418e-05
2.91418e-05
2.91418e-05
2.91418e-05
2.91418e-05
2.91418e-05
2.91418e-05
2.91418e-05
2.91418e-05
2.91418e-05
2.91418e-05
2.91418e-05
2.91418e-05
2.91418e-05
2.91418e-05
2.91418e-05
2.92825e-05
2.92825e-05
2.92825e-05
2.92825e-05
2.92825e-05
2.92825e-05
2.92826e-05
2.92826e-05
2.92826e-05
2.92826e-05
2.92826e-05
2.92826e-05
2.92826e-05
2.92826e-05
2.92827e-05
2.92827e-05
2.92827e-05
2.92826e-05
2.92826e-05
2.92826e-05
2.92826e-05
2.92826e-05
2.92826e-05
2.92826e-05
2.92825e-05
2.92825e-05
2.92825e-05
2.92825e-05
2.92825e-05
2.92825e-05
2.92825e-05
2.92824e-05
2.92824e-05
2.92824e-05
2.92824e-05
2.92824e-05
2.92824e-05
2.92824e-05
2.92824e-05
2.93919e-05
2.9392e-05
2.9392e-05
2.9392e-05
2.9392e-05
2.93921e-05
2.93921e-05
2.93921e-05
2.93921e-05
2.93922e-05
2.93922e-05
2.93922e-05
2.93922e-05
2.93922e-05
2.93923e-05
2.93923e-05
2.93923e-05
2.93923e-05
2.93922e-05
2.93922e-05
2.93922e-05
2.93922e-05
2.93922e-05
2.93921e-05
2.93921e-05
2.93921e-05
2.9392e-05
2.9392e-05
2.9392e-05
2.9392e-05
2.93919e-05
2.93919e-05
2.93919e-05
2.93919e-05
2.93919e-05
2.93919e-05
2.93919e-05
2.93919e-05
2.93919e-05
2.94666e-05
2.94666e-05
2.94666e-05
2.94667e-05
2.94667e-05
2.94667e-05
2.94668e-05
2.94668e-05
2.94669e-05
2.94669e-05
2.94669e-05
2.9467e-05
2.9467e-05
2.9467e-05
2.9467e-05
2.9467e-05
2.9467e-05
2.9467e-05
2.9467e-05
2.9467e-05
2.9467e-05
2.94669e-05
2.94669e-05
2.94669e-05
2.94668e-05
2.94668e-05
2.94668e-05
2.94667e-05
2.94667e-05
2.94666e-05
2.94666e-05
2.94666e-05
2.94666e-05
2.94665e-05
2.94665e-05
2.94665e-05
2.94665e-05
2.94665e-05
2.94665e-05
2.9502e-05
2.95021e-05
2.95021e-05
2.95022e-05
2.95022e-05
2.95022e-05
2.95023e-05
2.95023e-05
2.95024e-05
2.95024e-05
2.95025e-05
2.95025e-05
2.95026e-05
2.95026e-05
2.95026e-05
2.95026e-05
2.95026e-05
2.95026e-05
2.95026e-05
2.95026e-05
2.95026e-05
2.95026e-05
2.95025e-05
2.95025e-05
2.95024e-05
2.95024e-05
2.95023e-05
2.95023e-05
2.95022e-05
2.95022e-05
2.95021e-05
2.95021e-05
2.9502e-05
2.9502e-05
2.9502e-05
2.9502e-05
2.9502e-05
2.9502e-05
2.9502e-05
2.94931e-05
2.94932e-05
2.94932e-05
2.94933e-05
2.94933e-05
2.94934e-05
2.94934e-05
2.94935e-05
2.94936e-05
2.94936e-05
2.94937e-05
2.94937e-05
2.94938e-05
2.94938e-05
2.94939e-05
2.94939e-05
2.94939e-05
2.94939e-05
2.94939e-05
2.94939e-05
2.94939e-05
2.94938e-05
2.94938e-05
2.94937e-05
2.94937e-05
2.94936e-05
2.94935e-05
2.94935e-05
2.94934e-05
2.94934e-05
2.94933e-05
2.94932e-05
2.94932e-05
2.94932e-05
2.94931e-05
2.94931e-05
2.94931e-05
2.94931e-05
2.94931e-05
2.94336e-05
2.94337e-05
2.94337e-05
2.94338e-05
2.94338e-05
2.94339e-05
2.94339e-05
2.9434e-05
2.94341e-05
2.94342e-05
2.94342e-05
2.94343e-05
2.94344e-05
2.94344e-05
2.94345e-05
2.94345e-05
2.94345e-05
2.94345e-05
2.94345e-05
2.94345e-05
2.94345e-05
2.94345e-05
2.94344e-05
2.94344e-05
2.94343e-05
2.94342e-05
2.94342e-05
2.94341e-05
2.9434e-05
2.94339e-05
2.94339e-05
2.94338e-05
2.94338e-05
2.94337e-05
2.94337e-05
2.94336e-05
2.94336e-05
2.94336e-05
2.94336e-05
2.93159e-05
2.93159e-05
2.9316e-05
2.9316e-05
2.93161e-05
2.93162e-05
2.93162e-05
2.93163e-05
2.93164e-05
2.93165e-05
2.93166e-05
2.93166e-05
2.93167e-05
2.93168e-05
2.93168e-05
2.93169e-05
2.93169e-05
2.93169e-05
2.9317e-05
2.9317e-05
2.93169e-05
2.93169e-05
2.93169e-05
2.93168e-05
2.93168e-05
2.93167e-05
2.93166e-05
2.93165e-05
2.93164e-05
2.93164e-05
2.93163e-05
2.93162e-05
2.93161e-05
2.93161e-05
2.9316e-05
2.9316e-05
2.93159e-05
2.93159e-05
2.93159e-05
2.91308e-05
2.91308e-05
2.91309e-05
2.91309e-05
2.9131e-05
2.9131e-05
2.91311e-05
2.91312e-05
2.91313e-05
2.91314e-05
2.91315e-05
2.91316e-05
2.91316e-05
2.91317e-05
2.91318e-05
2.91319e-05
2.91319e-05
2.91319e-05
2.9132e-05
2.9132e-05
2.9132e-05
2.91319e-05
2.91319e-05
2.91318e-05
2.91318e-05
2.91317e-05
2.91316e-05
2.91315e-05
2.91315e-05
2.91314e-05
2.91313e-05
2.91312e-05
2.91311e-05
2.9131e-05
2.9131e-05
2.91309e-05
2.91309e-05
2.91308e-05
2.91308e-05
2.88671e-05
2.88671e-05
2.88671e-05
2.88672e-05
2.88672e-05
2.88673e-05
2.88674e-05
2.88674e-05
2.88675e-05
2.88676e-05
2.88677e-05
2.88678e-05
2.88679e-05
2.8868e-05
2.88681e-05
2.88681e-05
2.88682e-05
2.88682e-05
2.88683e-05
2.88683e-05
2.88683e-05
2.88683e-05
2.88683e-05
2.88682e-05
2.88682e-05
2.88681e-05
2.8868e-05
2.88679e-05
2.88678e-05
2.88677e-05
2.88676e-05
2.88675e-05
2.88675e-05
2.88674e-05
2.88673e-05
2.88672e-05
2.88672e-05
2.88671e-05
2.88671e-05
2.85109e-05
2.85109e-05
2.85109e-05
2.8511e-05
2.8511e-05
2.85111e-05
2.85111e-05
2.85112e-05
2.85113e-05
2.85114e-05
2.85115e-05
2.85116e-05
2.85117e-05
2.85118e-05
2.85119e-05
2.8512e-05
2.8512e-05
2.85121e-05
2.85121e-05
2.85121e-05
2.85122e-05
2.85122e-05
2.85121e-05
2.85121e-05
2.85121e-05
2.8512e-05
2.85119e-05
2.85118e-05
2.85117e-05
2.85116e-05
2.85115e-05
2.85114e-05
2.85114e-05
2.85113e-05
2.85112e-05
2.85111e-05
2.8511e-05
2.8511e-05
2.85109e-05
2.80453e-05
2.80453e-05
2.80453e-05
2.80453e-05
2.80454e-05
2.80454e-05
2.80455e-05
2.80456e-05
2.80456e-05
2.80457e-05
2.80458e-05
2.80459e-05
2.8046e-05
2.80461e-05
2.80462e-05
2.80463e-05
2.80464e-05
2.80464e-05
2.80465e-05
2.80465e-05
2.80465e-05
2.80466e-05
2.80465e-05
2.80465e-05
2.80465e-05
2.80464e-05
2.80464e-05
2.80463e-05
2.80462e-05
2.80461e-05
2.8046e-05
2.80459e-05
2.80458e-05
2.80457e-05
2.80456e-05
2.80455e-05
2.80455e-05
2.80454e-05
2.80454e-05
2.74495e-05
2.74495e-05
2.74495e-05
2.74495e-05
2.74495e-05
2.74496e-05
2.74496e-05
2.74497e-05
2.74498e-05
2.74499e-05
2.74499e-05
2.745e-05
2.74501e-05
2.74502e-05
2.74503e-05
2.74504e-05
2.74505e-05
2.74505e-05
2.74506e-05
2.74506e-05
2.74507e-05
2.74507e-05
2.74507e-05
2.74507e-05
2.74507e-05
2.74506e-05
2.74506e-05
2.74505e-05
2.74504e-05
2.74503e-05
2.74502e-05
2.74502e-05
2.74501e-05
2.745e-05
2.74499e-05
2.74498e-05
2.74497e-05
2.74496e-05
2.74496e-05
2.6698e-05
2.6698e-05
2.6698e-05
2.6698e-05
2.6698e-05
2.66981e-05
2.66981e-05
2.66982e-05
2.66982e-05
2.66983e-05
2.66984e-05
2.66985e-05
2.66986e-05
2.66986e-05
2.66987e-05
2.66988e-05
2.66989e-05
2.6699e-05
2.6699e-05
2.66991e-05
2.66991e-05
2.66991e-05
2.66991e-05
2.66991e-05
2.66991e-05
2.66991e-05
2.66991e-05
2.6699e-05
2.66989e-05
2.66989e-05
2.66988e-05
2.66987e-05
2.66986e-05
2.66985e-05
2.66984e-05
2.66983e-05
2.66983e-05
2.66982e-05
2.66981e-05
2.57599e-05
2.57598e-05
2.57598e-05
2.57598e-05
2.57598e-05
2.57599e-05
2.57599e-05
2.57599e-05
2.576e-05
2.57601e-05
2.57601e-05
2.57602e-05
2.57603e-05
2.57603e-05
2.57604e-05
2.57605e-05
2.57606e-05
2.57606e-05
2.57607e-05
2.57607e-05
2.57608e-05
2.57608e-05
2.57608e-05
2.57608e-05
2.57608e-05
2.57608e-05
2.57608e-05
2.57607e-05
2.57607e-05
2.57606e-05
2.57606e-05
2.57605e-05
2.57604e-05
2.57603e-05
2.57603e-05
2.57602e-05
2.57601e-05
2.576e-05
2.576e-05
2.45979e-05
2.45979e-05
2.45978e-05
2.45978e-05
2.45978e-05
2.45979e-05
2.45979e-05
2.45979e-05
2.4598e-05
2.4598e-05
2.45981e-05
2.45981e-05
2.45982e-05
2.45983e-05
2.45983e-05
2.45984e-05
2.45984e-05
2.45985e-05
2.45985e-05
2.45986e-05
2.45986e-05
2.45987e-05
2.45987e-05
2.45987e-05
2.45987e-05
2.45987e-05
2.45987e-05
2.45986e-05
2.45986e-05
2.45986e-05
2.45985e-05
2.45985e-05
2.45984e-05
2.45983e-05
2.45983e-05
2.45982e-05
2.45981e-05
2.45981e-05
2.4598e-05
2.31696e-05
2.31696e-05
2.31696e-05
2.31695e-05
2.31696e-05
2.31696e-05
2.31696e-05
2.31696e-05
2.31696e-05
2.31697e-05
2.31697e-05
2.31698e-05
2.31698e-05
2.31698e-05
2.31699e-05
2.31699e-05
2.317e-05
2.317e-05
2.31701e-05
2.31701e-05
2.31701e-05
2.31702e-05
2.31702e-05
2.31702e-05
2.31702e-05
2.31702e-05
2.31702e-05
2.31702e-05
2.31702e-05
2.31702e-05
2.31701e-05
2.31701e-05
2.317e-05
2.317e-05
2.31699e-05
2.31699e-05
2.31698e-05
2.31698e-05
2.31697e-05
2.14287e-05
2.14287e-05
2.14287e-05
2.14287e-05
2.14287e-05
2.14287e-05
2.14287e-05
2.14287e-05
2.14287e-05
2.14287e-05
2.14288e-05
2.14288e-05
2.14288e-05
2.14288e-05
2.14289e-05
2.14289e-05
2.14289e-05
2.14289e-05
2.1429e-05
2.1429e-05
2.1429e-05
2.14291e-05
2.14291e-05
2.14291e-05
2.14291e-05
2.14291e-05
2.14291e-05
2.14291e-05
2.14291e-05
2.14291e-05
2.14291e-05
2.14291e-05
2.1429e-05
2.1429e-05
2.1429e-05
2.14289e-05
2.14289e-05
2.14289e-05
2.14288e-05
1.93304e-05
1.93304e-05
1.93304e-05
1.93304e-05
1.93304e-05
1.93304e-05
1.93304e-05
1.93304e-05
1.93304e-05
1.93304e-05
1.93304e-05
1.93304e-05
1.93304e-05
1.93304e-05
1.93305e-05
1.93305e-05
1.93305e-05
1.93305e-05
1.93305e-05
1.93305e-05
1.93306e-05
1.93306e-05
1.93306e-05
1.93306e-05
1.93306e-05
1.93306e-05
1.93306e-05
1.93307e-05
1.93307e-05
1.93307e-05
1.93307e-05
1.93307e-05
1.93306e-05
1.93306e-05
1.93306e-05
1.93306e-05
1.93306e-05
1.93305e-05
1.93305e-05
1.68412e-05
1.68412e-05
1.68411e-05
1.68411e-05
1.68411e-05
1.68411e-05
1.68411e-05
1.68411e-05
1.68411e-05
1.68411e-05
1.68411e-05
1.68411e-05
1.68411e-05
1.68411e-05
1.68411e-05
1.68411e-05
1.68411e-05
1.68411e-05
1.68411e-05
1.68411e-05
1.68411e-05
1.68411e-05
1.68412e-05
1.68412e-05
1.68412e-05
1.68412e-05
1.68412e-05
1.68412e-05
1.68412e-05
1.68413e-05
1.68413e-05
1.68413e-05
1.68413e-05
1.68413e-05
1.68413e-05
1.68413e-05
1.68413e-05
1.68413e-05
1.68413e-05
1.39408e-05
1.39407e-05
1.39407e-05
1.39407e-05
1.39407e-05
1.39407e-05
1.39407e-05
1.39407e-05
1.39407e-05
1.39407e-05
1.39407e-05
1.39406e-05
1.39406e-05
1.39406e-05
1.39406e-05
1.39405e-05
1.39405e-05
1.39405e-05
1.39405e-05
1.39405e-05
1.39405e-05
1.39405e-05
1.39405e-05
1.39405e-05
1.39405e-05
1.39405e-05
1.39406e-05
1.39406e-05
1.39406e-05
1.39406e-05
1.39407e-05
1.39407e-05
1.39407e-05
1.39407e-05
1.39408e-05
1.39408e-05
1.39408e-05
1.39408e-05
1.39408e-05
1.07003e-05
1.07003e-05
1.07003e-05
1.07003e-05
1.07003e-05
1.07003e-05
1.07003e-05
1.07003e-05
1.07003e-05
1.07002e-05
1.07002e-05
1.07002e-05
1.07001e-05
1.07001e-05
1.07001e-05
1.07001e-05
1.07e-05
1.07e-05
1.07e-05
1.07e-05
1.07e-05
1.07e-05
1.07e-05
1.07e-05
1.07e-05
1.07e-05
1.07e-05
1.07e-05
1.07001e-05
1.07001e-05
1.07001e-05
1.07002e-05
1.07002e-05
1.07002e-05
1.07003e-05
1.07003e-05
1.07003e-05
1.07003e-05
1.07003e-05
7.37284e-06
7.37283e-06
7.37282e-06
7.37282e-06
7.37282e-06
7.37282e-06
7.37282e-06
7.37281e-06
7.37279e-06
7.37277e-06
7.37275e-06
7.37272e-06
7.37269e-06
7.37265e-06
7.37262e-06
7.37259e-06
7.37256e-06
7.37254e-06
7.37251e-06
7.3725e-06
7.37248e-06
7.37248e-06
7.37248e-06
7.37248e-06
7.37249e-06
7.3725e-06
7.37252e-06
7.37254e-06
7.37257e-06
7.3726e-06
7.37263e-06
7.37266e-06
7.37269e-06
7.37272e-06
7.37275e-06
7.37278e-06
7.37281e-06
7.37283e-06
7.37285e-06
4.39041e-06
4.3904e-06
4.3904e-06
4.3904e-06
4.3904e-06
4.3904e-06
4.3904e-06
4.39039e-06
4.39038e-06
4.39037e-06
4.39035e-06
4.39033e-06
4.39031e-06
4.39028e-06
4.39026e-06
4.39024e-06
4.39021e-06
4.39019e-06
4.39018e-06
4.39016e-06
4.39015e-06
4.39015e-06
4.39015e-06
4.39015e-06
4.39015e-06
4.39016e-06
4.39017e-06
4.39019e-06
4.39021e-06
4.39023e-06
4.39025e-06
4.39027e-06
4.39029e-06
4.39032e-06
4.39034e-06
4.39036e-06
4.39038e-06
4.3904e-06
4.39041e-06
2.17082e-06
2.17082e-06
2.17082e-06
2.17082e-06
2.17082e-06
2.17082e-06
2.17082e-06
2.17082e-06
2.17081e-06
2.1708e-06
2.17079e-06
2.17078e-06
2.17077e-06
2.17075e-06
2.17074e-06
2.17073e-06
2.17072e-06
2.17071e-06
2.1707e-06
2.17069e-06
2.17068e-06
2.17068e-06
2.17068e-06
2.17068e-06
2.17068e-06
2.17069e-06
2.17069e-06
2.1707e-06
2.17071e-06
2.17072e-06
2.17073e-06
2.17075e-06
2.17076e-06
2.17077e-06
2.17078e-06
2.17079e-06
2.1708e-06
2.17081e-06
2.17082e-06
8.44283e-07
8.44282e-07
8.44282e-07
8.44282e-07
8.44283e-07
8.44283e-07
8.44282e-07
8.4428e-07
8.44278e-07
8.44274e-07
8.4427e-07
8.44266e-07
8.44261e-07
8.44256e-07
8.44251e-07
8.44246e-07
8.44241e-07
8.44237e-07
8.44234e-07
8.44231e-07
8.44229e-07
8.44228e-07
8.44227e-07
8.44228e-07
8.44229e-07
8.44231e-07
8.44233e-07
8.44236e-07
8.4424e-07
8.44244e-07
8.44249e-07
8.44254e-07
8.44259e-07
8.44264e-07
8.44268e-07
8.44273e-07
8.44277e-07
8.4428e-07
8.44284e-07
2.31731e-07
2.31731e-07
2.31731e-07
2.31731e-07
2.31731e-07
2.31731e-07
2.31731e-07
2.31731e-07
2.3173e-07
2.31729e-07
2.31728e-07
2.31727e-07
2.31725e-07
2.31724e-07
2.31723e-07
2.31722e-07
2.3172e-07
2.31719e-07
2.31718e-07
2.31718e-07
2.31717e-07
2.31717e-07
2.31717e-07
2.31717e-07
2.31717e-07
2.31718e-07
2.31718e-07
2.31719e-07
2.3172e-07
2.31721e-07
2.31723e-07
2.31724e-07
2.31725e-07
2.31726e-07
2.31728e-07
2.31729e-07
2.3173e-07
2.31731e-07
2.31732e-07
4.29704e-08
4.29705e-08
4.29707e-08
4.29708e-08
4.2971e-08
4.29712e-08
4.29713e-08
4.29714e-08
4.29715e-08
4.29715e-08
4.29715e-08
4.29714e-08
4.29713e-08
4.29712e-08
4.29711e-08
4.29709e-08
4.29707e-08
4.29705e-08
4.29703e-08
4.29701e-08
4.29699e-08
4.29697e-08
4.29696e-08
4.29694e-08
4.29693e-08
4.29692e-08
4.29691e-08
4.29691e-08
4.2969e-08
4.29691e-08
4.29691e-08
4.29692e-08
4.29693e-08
4.29694e-08
4.29696e-08
4.29698e-08
4.29699e-08
4.29701e-08
4.29704e-08
7.65465e-08
7.65475e-08
7.65486e-08
7.65498e-08
7.65511e-08
7.65523e-08
7.65536e-08
7.65549e-08
7.65561e-08
7.65572e-08
7.65581e-08
7.6559e-08
7.65596e-08
7.65601e-08
7.65604e-08
7.65605e-08
7.65603e-08
7.656e-08
7.65594e-08
7.65587e-08
7.65578e-08
7.65568e-08
7.65556e-08
7.65544e-08
7.65531e-08
7.65518e-08
7.65505e-08
7.65493e-08
7.65481e-08
7.65471e-08
7.65462e-08
7.65454e-08
7.65448e-08
7.65445e-08
7.65443e-08
7.65444e-08
7.65446e-08
7.65451e-08
7.65457e-08
)
;

boundaryField
{
    bottomWall
    {
        type            fixedValue;
        value           uniform 0;
    }
    front
    {
        type            empty;
    }
    back
    {
        type            empty;
    }
    inlet
    {
        type            cyclic;
    }
    outlet
    {
        type            cyclic;
    }
    topWall
    {
        type            fixedValue;
        value           uniform 0;
    }
}


// ************************************************************************* //
