/*--------------------------------*- C++ -*----------------------------------*\
| =========                 |                                                 |
| \\      /  F ield         | OpenFOAM: The Open Source CFD Toolbox           |
|  \\    /   O peration     | Version:  4.1                                   |
|   \\  /    A nd           | Web:      www.OpenFOAM.org                      |
|    \\/     M anipulation  |                                                 |
\*---------------------------------------------------------------------------*/
FoamFile
{
    version     2.0;
    format      ascii;
    class       labelList;
    note        "nPoints:13520  nCells:6552  nFaces:26415  nInternalFaces:12897";
    location    "20/polyMesh";
    object      neighbour;
}
// * * * * * * * * * * * * * * * * * * * * * * * * * * * * * * * * * * * * * //


12897
(
1
39
2
40
3
41
4
42
5
43
6
44
7
45
8
46
9
47
10
48
11
49
12
50
13
51
14
52
15
53
16
54
17
55
18
56
19
57
20
58
21
59
22
60
23
61
24
62
25
63
26
64
27
65
28
66
29
67
30
68
31
69
32
70
33
71
34
72
35
73
36
74
37
75
38
76
77
40
78
41
79
42
80
43
81
44
82
45
83
46
84
47
85
48
86
49
87
50
88
51
89
52
90
53
91
54
92
55
93
56
94
57
95
58
96
59
97
60
98
61
99
62
100
63
101
64
102
65
103
66
104
67
105
68
106
69
107
70
108
71
109
72
110
73
111
74
112
75
113
76
114
77
115
116
79
117
80
118
81
119
82
120
83
121
84
122
85
123
86
124
87
125
88
126
89
127
90
128
91
129
92
130
93
131
94
132
95
133
96
134
97
135
98
136
99
137
100
138
101
139
102
140
103
141
104
142
105
143
106
144
107
145
108
146
109
147
110
148
111
149
112
150
113
151
114
152
115
153
116
154
155
118
156
119
157
120
158
121
159
122
160
123
161
124
162
125
163
126
164
127
165
128
166
129
167
130
168
131
169
132
170
133
171
134
172
135
173
136
174
137
175
138
176
139
177
140
178
141
179
142
180
143
181
144
182
145
183
146
184
147
185
148
186
149
187
150
188
151
189
152
190
153
191
154
192
155
193
194
157
195
158
196
159
197
160
198
161
199
162
200
163
201
164
202
165
203
166
204
167
205
168
206
169
207
170
208
171
209
172
210
173
211
174
212
175
213
176
214
177
215
178
216
179
217
180
218
181
219
182
220
183
221
184
222
185
223
186
224
187
225
188
226
189
227
190
228
191
229
192
230
193
231
194
232
233
196
234
197
235
198
236
199
237
200
238
201
239
202
240
203
241
204
242
205
243
206
244
207
245
208
246
209
247
210
248
211
249
212
250
213
251
214
252
215
253
216
254
217
255
218
256
219
257
220
258
221
259
222
260
223
261
224
262
225
263
226
264
227
265
228
266
229
267
230
268
231
269
232
270
233
271
272
235
273
236
274
237
275
238
276
239
277
240
278
241
279
242
280
243
281
244
282
245
283
246
284
247
285
248
286
249
287
250
288
251
289
252
290
253
291
254
292
255
293
256
294
257
295
258
296
259
297
260
298
261
299
262
300
263
301
264
302
265
303
266
304
267
305
268
306
269
307
270
308
271
309
272
310
311
274
312
275
313
276
314
277
315
278
316
279
317
280
318
281
319
282
320
283
321
284
322
285
323
286
324
287
325
288
326
289
327
290
328
291
329
292
330
293
331
294
332
295
333
296
334
297
335
298
336
299
337
300
338
301
339
302
340
303
341
304
342
305
343
306
344
307
345
308
346
309
347
310
348
311
349
350
313
351
314
352
315
353
316
354
317
355
318
356
319
357
320
358
321
359
322
360
323
361
324
362
325
363
326
364
327
365
328
366
329
367
330
368
331
369
332
370
333
371
334
372
335
373
336
374
337
375
338
376
339
377
340
378
341
379
342
380
343
381
344
382
345
383
346
384
347
385
348
386
349
387
350
388
389
352
390
353
391
354
392
355
393
356
394
357
395
358
396
359
397
360
398
361
399
362
400
363
401
364
402
365
403
366
404
367
405
368
406
369
407
370
408
371
409
372
410
373
411
374
412
375
413
376
414
377
415
378
416
379
417
380
418
381
419
382
420
383
421
384
422
385
423
386
424
387
425
388
426
389
427
428
391
429
392
430
393
431
394
432
395
433
396
434
397
435
398
436
399
437
400
438
401
439
402
440
403
441
404
442
405
443
406
444
407
445
408
446
409
447
410
448
411
449
412
450
413
451
414
452
415
453
416
454
417
455
418
456
419
457
420
458
421
459
422
460
423
461
424
462
425
463
426
464
427
465
428
466
467
430
468
431
469
432
470
433
471
434
472
435
473
436
474
437
475
438
476
439
477
440
478
441
479
442
480
443
481
444
482
445
483
446
484
447
485
448
486
449
487
450
488
451
489
452
490
453
491
454
492
455
493
456
494
457
495
458
496
459
497
460
498
461
499
462
500
463
501
464
502
465
503
466
504
467
505
506
469
507
470
508
471
509
472
510
473
511
474
512
475
513
476
514
477
515
478
516
479
517
480
518
481
519
482
520
483
521
484
522
485
523
486
524
487
525
488
526
489
527
490
528
491
529
492
530
493
531
494
532
495
533
496
534
497
535
498
536
499
537
500
538
501
539
502
540
503
541
504
542
505
543
506
544
545
508
546
509
547
510
548
511
549
512
550
513
551
514
552
515
553
516
554
517
555
518
556
519
557
520
558
521
559
522
560
523
561
524
562
525
563
526
564
527
565
528
566
529
567
530
568
531
569
532
570
533
571
534
572
535
573
536
574
537
575
538
576
539
577
540
578
541
579
542
580
543
581
544
582
545
583
584
547
585
548
586
549
587
550
588
551
589
552
590
553
591
554
592
555
593
556
594
557
595
558
596
559
597
560
598
561
599
562
600
563
601
564
602
565
603
566
604
567
605
568
606
569
607
570
608
571
609
572
610
573
611
574
612
575
613
576
614
577
615
578
616
579
617
580
618
581
619
582
620
583
621
584
622
623
586
624
587
625
588
626
589
627
590
628
591
629
592
630
593
631
594
632
595
633
596
634
597
635
598
636
599
637
600
638
601
639
602
640
603
641
604
642
605
643
606
644
607
645
608
646
609
647
610
648
611
649
612
650
613
651
614
652
615
653
616
654
617
655
618
656
619
657
620
658
621
659
622
660
623
661
662
625
663
626
664
627
665
628
666
629
667
630
668
631
669
632
670
633
671
634
672
635
673
636
674
637
675
638
676
639
677
640
678
641
679
642
680
643
681
644
682
645
683
646
684
647
685
648
686
649
687
650
688
651
689
652
690
653
691
654
692
655
693
656
694
657
695
658
696
659
697
660
698
661
699
662
700
701
664
702
665
703
666
704
667
705
668
706
669
707
670
708
671
709
672
710
673
711
674
712
675
713
676
714
677
715
678
716
679
717
680
718
681
719
682
720
683
721
684
722
685
723
686
724
687
725
688
726
689
727
690
728
691
729
692
730
693
731
694
732
695
733
696
734
697
735
698
736
699
737
700
738
701
739
740
703
741
704
742
705
743
706
744
707
745
708
746
709
747
710
748
711
749
712
750
713
751
714
752
715
753
716
754
717
755
718
756
719
757
720
758
721
759
722
760
723
761
724
762
725
763
726
764
727
765
728
766
729
767
730
768
731
769
732
770
733
771
734
772
735
773
736
774
737
775
738
776
739
777
740
778
779
742
780
743
781
744
782
745
783
746
784
747
785
748
786
749
787
750
788
751
789
752
790
753
791
754
792
755
793
756
794
757
795
758
796
759
797
760
798
761
799
762
800
763
801
764
802
765
803
766
804
767
805
768
806
769
807
770
808
771
809
772
810
773
811
774
812
775
813
776
814
777
815
778
816
779
817
818
781
819
782
820
783
821
784
822
785
823
786
824
787
825
788
826
789
827
790
828
791
829
792
830
793
831
794
832
795
833
796
834
797
835
798
836
799
837
800
838
801
839
802
840
803
841
804
842
805
843
806
844
807
845
808
846
809
847
810
848
811
849
812
850
813
851
814
852
815
853
816
854
817
855
818
856
857
820
858
821
859
822
860
823
861
824
862
825
863
826
864
827
865
828
866
829
867
830
868
831
869
832
870
833
871
834
872
835
873
836
874
837
875
838
876
839
877
840
878
841
879
842
880
843
881
844
882
845
883
846
884
847
885
848
886
849
887
850
888
851
889
852
890
853
891
854
892
855
893
856
894
857
895
896
859
897
860
898
861
899
862
900
863
901
864
902
865
903
866
904
867
905
868
906
869
907
870
908
871
909
872
910
873
911
874
912
875
913
876
914
877
915
878
916
879
917
880
918
881
919
882
920
883
921
884
922
885
923
886
924
887
925
888
926
889
927
890
928
891
929
892
930
893
931
894
932
895
933
896
934
935
898
936
899
937
900
938
901
939
902
940
903
941
904
942
905
943
906
944
907
945
908
946
909
947
910
948
911
949
912
950
913
951
914
952
915
953
916
954
917
955
918
956
919
957
920
958
921
959
922
960
923
961
924
962
925
963
926
964
927
965
928
966
929
967
930
968
931
969
932
970
933
971
934
972
935
973
974
937
975
938
976
939
977
940
978
941
979
942
980
943
981
944
982
945
983
946
984
947
985
948
986
949
987
950
988
951
989
952
990
953
991
954
992
955
993
956
994
957
995
958
996
959
997
960
998
961
999
962
1000
963
1001
964
1002
965
1003
966
1004
967
1005
968
1006
969
1007
970
1008
971
1009
972
1010
973
1011
974
1012
1013
976
1014
977
1015
978
1016
979
1017
980
1018
981
1019
982
1020
983
1021
984
1022
985
1023
986
1024
987
1025
988
1026
989
1027
990
1028
991
1029
992
1030
993
1031
994
1032
995
1033
996
1034
997
1035
998
1036
999
1037
1000
1038
1001
1039
1002
1040
1003
1041
1004
1042
1005
1043
1006
1044
1007
1045
1008
1046
1009
1047
1010
1048
1011
1049
1012
1050
1013
1051
1052
1015
1053
1016
1054
1017
1055
1018
1056
1019
1057
1020
1058
1021
1059
1022
1060
1023
1061
1024
1062
1025
1063
1026
1064
1027
1065
1028
1066
1029
1067
1030
1068
1031
1069
1032
1070
1033
1071
1034
1072
1035
1073
1036
1074
1037
1075
1038
1076
1039
1077
1040
1078
1041
1079
1042
1080
1043
1081
1044
1082
1045
1083
1046
1084
1047
1085
1048
1086
1049
1087
1050
1088
1051
1089
1052
1090
1091
1054
1092
1055
1093
1056
1094
1057
1095
1058
1096
1059
1097
1060
1098
1061
1099
1062
1100
1063
1101
1064
1102
1065
1103
1066
1104
1067
1105
1068
1106
1069
1107
1070
1108
1071
1109
1072
1110
1073
1111
1074
1112
1075
1113
1076
1114
1077
1115
1078
1116
1079
1117
1080
1118
1081
1119
1082
1120
1083
1121
1084
1122
1085
1123
1086
1124
1087
1125
1088
1126
1089
1127
1090
1128
1091
1129
1130
1093
1131
1094
1132
1095
1133
1096
1134
1097
1135
1098
1136
1099
1137
1100
1138
1101
1139
1102
1140
1103
1141
1104
1142
1105
1143
1106
1144
1107
1145
1108
1146
1109
1147
1110
1148
1111
1149
1112
1150
1113
1151
1114
1152
1115
1153
1116
1154
1117
1155
1118
1156
1119
1157
1120
1158
1121
1159
1122
1160
1123
1161
1124
1162
1125
1163
1126
1164
1127
1165
1128
1166
1129
1167
1130
1168
1169
1132
1170
1133
1171
1134
1172
1135
1173
1136
1174
1137
1175
1138
1176
1139
1177
1140
1178
1141
1179
1142
1180
1143
1181
1144
1182
1145
1183
1146
1184
1147
1185
1148
1186
1149
1187
1150
1188
1151
1189
1152
1190
1153
1191
1154
1192
1155
1193
1156
1194
1157
1195
1158
1196
1159
1197
1160
1198
1161
1199
1162
1200
1163
1201
1164
1202
1165
1203
1166
1204
1167
1205
1168
1206
1169
1207
1208
1171
1209
1172
1210
1173
1211
1174
1212
1175
1213
1176
1214
1177
1215
1178
1216
1179
1217
1180
1218
1181
1219
1182
1220
1183
1221
1184
1222
1185
1223
1186
1224
1187
1225
1188
1226
1189
1227
1190
1228
1191
1229
1192
1230
1193
1231
1194
1232
1195
1233
1196
1234
1197
1235
1198
1236
1199
1237
1200
1238
1201
1239
1202
1240
1203
1241
1204
1242
1205
1243
1206
1244
1207
1245
1208
1246
1247
1210
1248
1211
1249
1212
1250
1213
1251
1214
1252
1215
1253
1216
1254
1217
1255
1218
1256
1219
1257
1220
1258
1221
1259
1222
1260
1223
1261
1224
1262
1225
1263
1226
1264
1227
1265
1228
1266
1229
1267
1230
1268
1231
1269
1232
1270
1233
1271
1234
1272
1235
1273
1236
1274
1237
1275
1238
1276
1239
1277
1240
1278
1241
1279
1242
1280
1243
1281
1244
1282
1245
1283
1246
1284
1247
1285
1286
1249
1287
1250
1288
1251
1289
1252
1290
1253
1291
1254
1292
1255
1293
1256
1294
1257
1295
1258
1296
1259
1297
1260
1298
1261
1299
1262
1300
1263
1301
1264
1302
1265
1303
1266
1304
1267
1305
1268
1306
1269
1307
1270
1308
1271
1309
1272
1310
1273
1311
1274
1312
1275
1313
1276
1314
1277
1315
1278
1316
1279
1317
1280
1318
1281
1319
1282
1320
1283
1321
1284
1322
1285
1323
1286
1324
1325
1288
1326
1289
1327
1290
1328
1291
1329
1292
1330
1293
1331
1294
1332
1295
1333
1296
1334
1297
1335
1298
1336
1299
1337
1300
1338
1301
1339
1302
1340
1303
1341
1304
1342
1305
1343
1306
1344
1307
1345
1308
1346
1309
1347
1310
1348
1311
1349
1312
1350
1313
1351
1314
1352
1315
1353
1316
1354
1317
1355
1318
1356
1319
1357
1320
1358
1321
1359
1322
1360
1323
1361
1324
1362
1325
1363
1364
1327
1365
1328
1366
1329
1367
1330
1368
1331
1369
1332
1370
1333
1371
1334
1372
1335
1373
1336
1374
1337
1375
1338
1376
1339
1377
1340
1378
1341
1379
1342
1380
1343
1381
1344
1382
1345
1383
1346
1384
1347
1385
1348
1386
1349
1387
1350
1388
1351
1389
1352
1390
1353
1391
1354
1392
1355
1393
1356
1394
1357
1395
1358
1396
1359
1397
1360
1398
1361
1399
1362
1400
1363
1401
1364
1402
1403
1366
1404
1367
1405
1368
1406
1369
1407
1370
1408
1371
1409
1372
1410
1373
1411
1374
1412
1375
1413
1376
1414
1377
1415
1378
1416
1379
1417
1380
1418
1381
1419
1382
1420
1383
1421
1384
1422
1385
1423
1386
1424
1387
1425
1388
1426
1389
1427
1390
1428
1391
1429
1392
1430
1393
1431
1394
1432
1395
1433
1396
1434
1397
1435
1398
1436
1399
1437
1400
1438
1401
1439
1402
1440
1403
1441
1442
1405
1443
1406
1444
1407
1445
1408
1446
1409
1447
1410
1448
1411
1449
1412
1450
1413
1451
1414
1452
1415
1453
1416
1454
1417
1455
1418
1456
1419
1457
1420
1458
1421
1459
1422
1460
1423
1461
1424
1462
1425
1463
1426
1464
1427
1465
1428
1466
1429
1467
1430
1468
1431
1469
1432
1470
1433
1471
1434
1472
1435
1473
1436
1474
1437
1475
1438
1476
1439
1477
1440
1478
1441
1479
1442
1480
1481
1444
1482
1445
1483
1446
1484
1447
1485
1448
1486
1449
1487
1450
1488
1451
1489
1452
1490
1453
1491
1454
1492
1455
1493
1456
1494
1457
1495
1458
1496
1459
1497
1460
1498
1461
1499
1462
1500
1463
1501
1464
1502
1465
1503
1466
1504
1467
1505
1468
1506
1469
1507
1470
1508
1471
1509
1472
1510
1473
1511
1474
1512
1475
1513
1476
1514
1477
1515
1478
1516
1479
1517
1480
1518
1481
1519
1520
1483
1521
1484
1522
1485
1523
1486
1524
1487
1525
1488
1526
1489
1527
1490
1528
1491
1529
1492
1530
1493
1531
1494
1532
1495
1533
1496
1534
1497
1535
1498
1536
1499
1537
1500
1538
1501
1539
1502
1540
1503
1541
1504
1542
1505
1543
1506
1544
1507
1545
1508
1546
1509
1547
1510
1548
1511
1549
1512
1550
1513
1551
1514
1552
1515
1553
1516
1554
1517
1555
1518
1556
1519
1557
1520
1558
1559
1522
1560
1523
1561
1524
1562
1525
1563
1526
1564
1527
1565
1528
1566
1529
1567
1530
1568
1531
1569
1532
1570
1533
1571
1534
1572
1535
1573
1536
1574
1537
1575
1538
1576
1539
1577
1540
1578
1541
1579
1542
1580
1543
1581
1544
1582
1545
1583
1546
1584
1547
1585
1548
1586
1549
1587
1550
1588
1551
1589
1552
1590
1553
1591
1554
1592
1555
1593
1556
1594
1557
1595
1558
1596
1559
1597
1598
1561
1599
1562
1600
1563
1601
1564
1602
1565
1603
1566
1604
1567
1605
1568
1606
1569
1607
1570
1608
1571
1609
1572
1610
1573
1611
1574
1612
1575
1613
1576
1614
1577
1615
1578
1616
1579
1617
1580
1618
1581
1619
1582
1620
1583
1621
1584
1622
1585
1623
1586
1624
1587
1625
1588
1626
1589
1627
1590
1628
1591
1629
1592
1630
1593
1631
1594
1632
1595
1633
1596
1634
1597
1635
1598
1636
1637
1600
1638
1601
1639
1602
1640
1603
1641
1604
1642
1605
1643
1606
1644
1607
1645
1608
1646
1609
1647
1610
1648
1611
1649
1612
1650
1613
1651
1614
1652
1615
1653
1616
1654
1617
1655
1618
1656
1619
1657
1620
1658
1621
1659
1622
1660
1623
1661
1624
1662
1625
1663
1626
1664
1627
1665
1628
1666
1629
1667
1630
1668
1631
1669
1632
1670
1633
1671
1634
1672
1635
1673
1636
1674
1637
1675
1676
1639
1677
1640
1678
1641
1679
1642
1680
1643
1681
1644
1682
1645
1683
1646
1684
1647
1685
1648
1686
1649
1687
1650
1688
1651
1689
1652
1690
1653
1691
1654
1692
1655
1693
1656
1694
1657
1695
1658
1696
1659
1697
1660
1698
1661
1699
1662
1700
1663
1701
1664
1702
1665
1703
1666
1704
1667
1705
1668
1706
1669
1707
1670
1708
1671
1709
1672
1710
1673
1711
1674
1712
1675
1713
1676
1714
1715
1678
1716
1679
1717
1680
1718
1681
1719
1682
1720
1683
1721
1684
1722
1685
1723
1686
1724
1687
1725
1688
1726
1689
1727
1690
1728
1691
1729
1692
1730
1693
1731
1694
1732
1695
1733
1696
1734
1697
1735
1698
1736
1699
1737
1700
1738
1701
1739
1702
1740
1703
1741
1704
1742
1705
1743
1706
1744
1707
1745
1708
1746
1709
1747
1710
1748
1711
1749
1712
1750
1713
1751
1714
1752
1715
1753
1754
1717
1755
1718
1756
1719
1757
1720
1758
1721
1759
1722
1760
1723
1761
1724
1762
1725
1763
1726
1764
1727
1765
1728
1766
1729
1767
1730
1768
1731
1769
1732
1770
1733
1771
1734
1772
1735
1773
1736
1774
1737
1775
1738
1776
1739
1777
1740
1778
1741
1779
1742
1780
1743
1781
1744
1782
1745
1783
1746
1784
1747
1785
1748
1786
1749
1787
1750
1788
1751
1789
1752
1790
1753
1791
1754
1792
1793
1756
1794
1757
1795
1758
1796
1759
1797
1760
1798
1761
1799
1762
1800
1763
1801
1764
1802
1765
1803
1766
1804
1767
1805
1768
1806
1769
1807
1770
1808
1771
1809
1772
1810
1773
1811
1774
1812
1775
1813
1776
1814
1777
1815
1778
1816
1779
1817
1780
1818
1781
1819
1782
1820
1783
1821
1784
1822
1785
1823
1786
1824
1787
1825
1788
1826
1789
1827
1790
1828
1791
1829
1792
1830
1793
1831
1832
1795
1833
1796
1834
1797
1835
1798
1836
1799
1837
1800
1838
1801
1839
1802
1840
1803
1841
1804
1842
1805
1843
1806
1844
1807
1845
1808
1846
1809
1847
1810
1848
1811
1849
1812
1850
1813
1851
1814
1852
1815
1853
1816
1854
1817
1855
1818
1856
1819
1857
1820
1858
1821
1859
1822
1860
1823
1861
1824
1862
1825
1863
1826
1864
1827
1865
1828
1866
1829
1867
1830
1868
1831
1869
1832
1870
1871
1834
1872
1835
1873
1836
1874
1837
1875
1838
1876
1839
1877
1840
1878
1841
1879
1842
1880
1843
1881
1844
1882
1845
1883
1846
1884
1847
1885
1848
1886
1849
1887
1850
1888
1851
1889
1852
1890
1853
1891
1854
1892
1855
1893
1856
1894
1857
1895
1858
1896
1859
1897
1860
1898
1861
1899
1862
1900
1863
1901
1864
1902
1865
1903
1866
1904
1867
1905
1868
1906
1869
1907
1870
1908
1871
1909
1910
1873
1911
1874
1912
1875
1913
1876
1914
1877
1915
1878
1916
1879
1917
1880
1918
1881
1919
1882
1920
1883
1921
1884
1922
1885
1923
1886
1924
1887
1925
1888
1926
1889
1927
1890
1928
1891
1929
1892
1930
1893
1931
1894
1932
1895
1933
1896
1934
1897
1935
1898
1936
1899
1937
1900
1938
1901
1939
1902
1940
1903
1941
1904
1942
1905
1943
1906
1944
1907
1945
1908
1946
1909
1947
1910
1948
1949
1912
1950
1913
1951
1914
1952
1915
1953
1916
1954
1917
1955
1918
1956
1919
1957
1920
1958
1921
1959
1922
1960
1923
1961
1924
1962
1925
1963
1926
1964
1927
1965
1928
1966
1929
1967
1930
1968
1931
1969
1932
1970
1933
1971
1934
1972
1935
1973
1936
1974
1937
1975
1938
1976
1939
1977
1940
1978
1941
1979
1942
1980
1943
1981
1944
1982
1945
1983
1946
1984
1947
1985
1948
1986
1949
1987
1988
1951
1989
1952
1990
1953
1991
1954
1992
1955
1993
1956
1994
1957
1995
1958
1996
1959
1997
1960
1998
1961
1999
1962
2000
1963
2001
1964
2002
1965
2003
1966
2004
1967
2005
1968
2006
1969
2007
1970
2008
1971
2009
1972
2010
1973
2011
1974
2012
1975
2013
1976
2014
1977
2015
1978
2016
1979
2017
1980
2018
1981
2019
1982
2020
1983
2021
1984
2022
1985
2023
1986
2024
1987
2025
1988
2026
2027
1990
2028
1991
2029
1992
2030
1993
2031
1994
2032
1995
2033
1996
2034
1997
2035
1998
2036
1999
2037
2000
2038
2001
2039
2002
2040
2003
2041
2004
2042
2005
2043
2006
2044
2007
2045
2008
2046
2009
2047
2010
2048
2011
2049
2012
2050
2013
2051
2014
2052
2015
2053
2016
2054
2017
2055
2018
2056
2019
2057
2020
2058
2021
2059
2022
2060
2023
2061
2024
2062
2025
2063
2026
2064
2027
2065
2066
2029
2067
2030
2068
2031
2069
2032
2070
2033
2071
2034
2072
2035
2073
2036
2074
2037
2075
2038
2076
2039
2077
2040
2078
2041
2079
2042
2080
2043
2081
2044
2082
2045
2083
2046
2084
2047
2085
2048
2086
2049
2087
2050
2088
2051
2089
2052
2090
2053
2091
2054
2092
2055
2093
2056
2094
2057
2095
2058
2096
2059
2097
2060
2098
2061
2099
2062
2100
2063
2101
2064
2102
2065
2103
2066
2104
2105
2068
2106
2069
2107
2070
2108
2071
2109
2072
2110
2073
2111
2074
2112
2075
2113
2076
2114
2077
2115
2078
2116
2079
2117
2080
2118
2081
2119
2082
2120
2083
2121
2084
2122
2085
2123
2086
2124
2087
2125
2088
2126
2089
2127
2090
2128
2091
2129
2092
2130
2093
2131
2094
2132
2095
2133
2096
2134
2097
2135
2098
2136
2099
2137
2100
2138
2101
2139
2102
2140
2103
2141
2104
2142
2105
2143
2144
2107
2145
2108
2146
2109
2147
2110
2148
2111
2149
2112
2150
2113
2151
2114
2152
2115
2153
2116
2154
2117
2155
2118
2156
2119
2157
2120
2158
2121
2159
2122
2160
2123
2161
2124
2162
2125
2163
2126
2164
2127
2165
2128
2166
2129
2167
2130
2168
2131
2169
2132
2170
2133
2171
2134
2172
2135
2173
2136
2174
2137
2175
2138
2176
2139
2177
2140
2178
2141
2179
2142
2180
2143
2181
2144
2182
2183
2146
2184
2147
2185
2148
2186
2149
2187
2150
2188
2151
2189
2152
2190
2153
2191
2154
2192
2155
2193
2156
2194
2157
2195
2158
2196
2159
2197
2160
2198
2161
2199
2162
2200
2163
2201
2164
2202
2165
2203
2166
2204
2167
2205
2168
2206
2169
2207
2170
2208
2171
2209
2172
2210
2173
2211
2174
2212
2175
2213
2176
2214
2177
2215
2178
2216
2179
2217
2180
2218
2181
2219
2182
2220
2183
2221
2222
2185
2223
2186
2224
2187
2225
2188
2226
2189
2227
2190
2228
2191
2229
2192
2230
2193
2231
2194
2232
2195
2233
2196
2234
2197
2235
2198
2236
2199
2237
2200
2238
2201
2239
2202
2240
2203
2241
2204
2242
2205
2243
2206
2244
2207
2245
2208
2246
2209
2247
2210
2248
2211
2249
2212
2250
2213
2251
2214
2252
2215
2253
2216
2254
2217
2255
2218
2256
2219
2257
2220
2258
2221
2259
2222
2260
2261
2224
2262
2225
2263
2226
2264
2227
2265
2228
2266
2229
2267
2230
2268
2231
2269
2232
2270
2233
2271
2234
2272
2235
2273
2236
2274
2237
2275
2238
2276
2239
2277
2240
2278
2241
2279
2242
2280
2243
2281
2244
2282
2245
2283
2246
2284
2247
2285
2248
2286
2249
2287
2250
2288
2251
2289
2252
2290
2253
2291
2254
2292
2255
2293
2256
2294
2257
2295
2258
2296
2259
2297
2260
2298
2261
2299
2300
2263
2301
2264
2302
2265
2303
2266
2304
2267
2305
2268
2306
2269
2307
2270
2308
2271
2309
2272
2310
2273
2311
2274
2312
2275
2313
2276
2314
2277
2315
2278
2316
2279
2317
2280
2318
2281
2319
2282
2320
2283
2321
2284
2322
2285
2323
2286
2324
2287
2325
2288
2326
2289
2327
2290
2328
2291
2329
2292
2330
2293
2331
2294
2332
2295
2333
2296
2334
2297
2335
2298
2336
2299
2337
2300
2338
2339
2302
2340
2303
2341
2304
2342
2305
2343
2306
2344
2307
2345
2308
2346
2309
2347
2310
2348
2311
2349
2312
2350
2313
2351
2314
2352
2315
2353
2316
2354
2317
2355
2318
2356
2319
2357
2320
2358
2321
2359
2322
2360
2323
2361
2324
2362
2325
2363
2326
2364
2327
2365
2328
2366
2329
2367
2330
2368
2331
2369
2332
2370
2333
2371
2334
2372
2335
2373
2336
2374
2337
2375
2338
2376
2339
2377
2378
2341
2379
2342
2380
2343
2381
2344
2382
2345
2383
2346
2384
2347
2385
2348
2386
2349
2387
2350
2388
2351
2389
2352
2390
2353
2391
2354
2392
2355
2393
2356
2394
2357
2395
2358
2396
2359
2397
2360
2398
2361
2399
2362
2400
2363
2401
2364
2402
2365
2403
2366
2404
2367
2405
2368
2406
2369
2407
2370
2408
2371
2409
2372
2410
2373
2411
2374
2412
2375
2413
2376
2414
2377
2415
2378
2416
2417
2380
2418
2381
2419
2382
2420
2383
2421
2384
2422
2385
2423
2386
2424
2387
2425
2388
2426
2389
2427
2390
2428
2391
2429
2392
2430
2393
2431
2394
2432
2395
2433
2396
2434
2397
2435
2398
2436
2399
2437
2400
2438
2401
2439
2402
2440
2403
2441
2404
2442
2405
2443
2406
2444
2407
2445
2408
2446
2409
2447
2410
2448
2411
2449
2412
2450
2413
2451
2414
2452
2415
2453
2416
2454
2417
2455
2456
2419
2457
2420
2458
2421
2459
2422
2460
2423
2461
2424
2462
2425
2463
2426
2464
2427
2465
2428
2466
2429
2467
2430
2468
2431
2469
2432
2470
2433
2471
2434
2472
2435
2473
2436
2474
2437
2475
2438
2476
2439
2477
2440
2478
2441
2479
2442
2480
2443
2481
2444
2482
2445
2483
2446
2484
2447
2485
2448
2486
2449
2487
2450
2488
2451
2489
2452
2490
2453
2491
2454
2492
2455
2493
2456
2494
2495
2458
2496
2459
2497
2460
2498
2461
2499
2462
2500
2463
2501
2464
2502
2465
2503
2466
2504
2467
2505
2468
2506
2469
2507
2470
2508
2471
2509
2472
2510
2473
2511
2474
2512
2475
2513
2476
2514
2477
2515
2478
2516
2479
2517
2480
2518
2481
2519
2482
2520
2483
2521
2484
2522
2485
2523
2486
2524
2487
2525
2488
2526
2489
2527
2490
2528
2491
2529
2492
2530
2493
2531
2494
2532
2495
2533
2534
2497
2535
2498
2536
2499
2537
2500
2538
2501
2539
2502
2540
2503
2541
2504
2542
2505
2543
2506
2544
2507
2545
2508
2546
2509
2547
2510
2548
2511
2549
2512
2550
2513
2551
2514
2552
2515
2553
2516
2554
2517
2555
2518
2556
2519
2557
2520
2558
2521
2559
2522
2560
2523
2561
2524
2562
2525
2563
2526
2564
2527
2565
2528
2566
2529
2567
2530
2568
2531
2569
2532
2570
2533
2571
2534
2572
2573
2536
2574
2537
2575
2538
2576
2539
2577
2540
2578
2541
2579
2542
2580
2543
2581
2544
2582
2545
2583
2546
2584
2547
2585
2548
2586
2549
2587
2550
2588
2551
2589
2552
2590
2553
2591
2554
2592
2555
2593
2556
2594
2557
2595
2558
2596
2559
2597
2560
2598
2561
2599
2562
2600
2563
2601
2564
2602
2565
2603
2566
2604
2567
2605
2568
2606
2569
2607
2570
2608
2571
2609
2572
2610
2573
2611
2612
2575
2613
2576
2614
2577
2615
2578
2616
2579
2617
2580
2618
2581
2619
2582
2620
2583
2621
2584
2622
2585
2623
2586
2624
2587
2625
2588
2626
2589
2627
2590
2628
2591
2629
2592
2630
2593
2631
2594
2632
2595
2633
2596
2634
2597
2635
2598
2636
2599
2637
2600
2638
2601
2639
2602
2640
2603
2641
2604
2642
2605
2643
2606
2644
2607
2645
2608
2646
2609
2647
2610
2648
2611
2649
2612
2650
2651
2614
2652
2615
2653
2616
2654
2617
2655
2618
2656
2619
2657
2620
2658
2621
2659
2622
2660
2623
2661
2624
2662
2625
2663
2626
2664
2627
2665
2628
2666
2629
2667
2630
2668
2631
2669
2632
2670
2633
2671
2634
2672
2635
2673
2636
2674
2637
2675
2638
2676
2639
2677
2640
2678
2641
2679
2642
2680
2643
2681
2644
2682
2645
2683
2646
2684
2647
2685
2648
2686
2649
2687
2650
2688
2651
2689
2690
2653
2691
2654
2692
2655
2693
2656
2694
2657
2695
2658
2696
2659
2697
2660
2698
2661
2699
2662
2700
2663
2701
2664
2702
2665
2703
2666
2704
2667
2705
2668
2706
2669
2707
2670
2708
2671
2709
2672
2710
2673
2711
2674
2712
2675
2713
2676
2714
2677
2715
2678
2716
2679
2717
2680
2718
2681
2719
2682
2720
2683
2721
2684
2722
2685
2723
2686
2724
2687
2725
2688
2726
2689
2727
2690
2728
2729
2692
2730
2693
2731
2694
2732
2695
2733
2696
2734
2697
2735
2698
2736
2699
2737
2700
2738
2701
2739
2702
2740
2703
2741
2704
2742
2705
2743
2706
2744
2707
2745
2708
2746
2709
2747
2710
2748
2711
2749
2712
2750
2713
2751
2714
2752
2715
2753
2716
2754
2717
2755
2718
2756
2719
2757
2720
2758
2721
2759
2722
2760
2723
2761
2724
2762
2725
2763
2726
2764
2727
2765
2728
2766
2729
2767
2768
2731
2769
2732
2770
2733
2771
2734
2772
2735
2773
2736
2774
2737
2775
2738
2776
2739
2777
2740
2778
2741
2779
2742
2780
2743
2781
2744
2782
2745
2783
2746
2784
2747
2785
2748
2786
2749
2787
2750
2788
2751
2789
2752
2790
2753
2791
2754
2792
2755
2793
2756
2794
2757
2795
2758
2796
2759
2797
2760
2798
2761
2799
2762
2800
2763
2801
2764
2802
2765
2803
2766
2804
2767
2805
2768
2806
2807
2770
2808
2771
2809
2772
2810
2773
2811
2774
2812
2775
2813
2776
2814
2777
2815
2778
2816
2779
2817
2780
2818
2781
2819
2782
2820
2783
2821
2784
2822
2785
2823
2786
2824
2787
2825
2788
2826
2789
2827
2790
2828
2791
2829
2792
2830
2793
2831
2794
2832
2795
2833
2796
2834
2797
2835
2798
2836
2799
2837
2800
2838
2801
2839
2802
2840
2803
2841
2804
2842
2805
2843
2806
2844
2807
2845
2846
2809
2847
2810
2848
2811
2849
2812
2850
2813
2851
2814
2852
2815
2853
2816
2854
2817
2855
2818
2856
2819
2857
2820
2858
2821
2859
2822
2860
2823
2861
2824
2862
2825
2863
2826
2864
2827
2865
2828
2866
2829
2867
2830
2868
2831
2869
2832
2870
2833
2871
2834
2872
2835
2873
2836
2874
2837
2875
2838
2876
2839
2877
2840
2878
2841
2879
2842
2880
2843
2881
2844
2882
2845
2883
2846
2884
2885
2848
2886
2849
2887
2850
2888
2851
2889
2852
2890
2853
2891
2854
2892
2855
2893
2856
2894
2857
2895
2858
2896
2859
2897
2860
2898
2861
2899
2862
2900
2863
2901
2864
2902
2865
2903
2866
2904
2867
2905
2868
2906
2869
2907
2870
2908
2871
2909
2872
2910
2873
2911
2874
2912
2875
2913
2876
2914
2877
2915
2878
2916
2879
2917
2880
2918
2881
2919
2882
2920
2883
2921
2884
2922
2885
2923
2924
2887
2925
2888
2926
2889
2927
2890
2928
2891
2929
2892
2930
2893
2931
2894
2932
2895
2933
2896
2934
2897
2935
2898
2936
2899
2937
2900
2938
2901
2939
2902
2940
2903
2941
2904
2942
2905
2943
2906
2944
2907
2945
2908
2946
2909
2947
2910
2948
2911
2949
2912
2950
2913
2951
2914
2952
2915
2953
2916
2954
2917
2955
2918
2956
2919
2957
2920
2958
2921
2959
2922
2960
2923
2961
2924
2962
2963
2926
2964
2927
2965
2928
2966
2929
2967
2930
2968
2931
2969
2932
2970
2933
2971
2934
2972
2935
2973
2936
2974
2937
2975
2938
2976
2939
2977
2940
2978
2941
2979
2942
2980
2943
2981
2944
2982
2945
2983
2946
2984
2947
2985
2948
2986
2949
2987
2950
2988
2951
2989
2952
2990
2953
2991
2954
2992
2955
2993
2956
2994
2957
2995
2958
2996
2959
2997
2960
2998
2961
2999
2962
3000
2963
3001
3002
2965
3003
2966
3004
2967
3005
2968
3006
2969
3007
2970
3008
2971
3009
2972
3010
2973
3011
2974
3012
2975
3013
2976
3014
2977
3015
2978
3016
2979
3017
2980
3018
2981
3019
2982
3020
2983
3021
2984
3022
2985
3023
2986
3024
2987
3025
2988
3026
2989
3027
2990
3028
2991
3029
2992
3030
2993
3031
2994
3032
2995
3033
2996
3034
2997
3035
2998
3036
2999
3037
3000
3038
3001
3039
3002
3040
3041
3004
3042
3005
3043
3006
3044
3007
3045
3008
3046
3009
3047
3010
3048
3011
3049
3012
3050
3013
3051
3014
3052
3015
3053
3016
3054
3017
3055
3018
3056
3019
3057
3020
3058
3021
3059
3022
3060
3023
3061
3024
3062
3025
3063
3026
3064
3027
3065
3028
3066
3029
3067
3030
3068
3031
3069
3032
3070
3033
3071
3034
3072
3035
3073
3036
3074
3037
3075
3038
3076
3039
3077
3040
3078
3041
3079
3080
3043
3081
3044
3082
3045
3083
3046
3084
3047
3085
3048
3086
3049
3087
3050
3088
3051
3089
3052
3090
3053
3091
3054
3092
3055
3093
3056
3094
3057
3095
3058
3096
3059
3097
3060
3098
3061
3099
3062
3100
3063
3101
3064
3102
3065
3103
3066
3104
3067
3105
3068
3106
3069
3107
3070
3108
3071
3109
3072
3110
3073
3111
3074
3112
3075
3113
3076
3114
3077
3115
3078
3116
3079
3117
3080
3118
3119
3082
3120
3083
3121
3084
3122
3085
3123
3086
3124
3087
3125
3088
3126
3089
3127
3090
3128
3091
3129
3092
3130
3093
3131
3094
3132
3095
3133
3096
3134
3097
3135
3098
3136
3099
3137
3100
3138
3101
3139
3102
3140
3103
3141
3104
3142
3105
3143
3106
3144
3107
3145
3108
3146
3109
3147
3110
3148
3111
3149
3112
3150
3113
3151
3114
3152
3115
3153
3116
3154
3117
3155
3118
3156
3119
3157
3158
3121
3159
3122
3160
3123
3161
3124
3162
3125
3163
3126
3164
3127
3165
3128
3166
3129
3167
3130
3168
3131
3169
3132
3170
3133
3171
3134
3172
3135
3173
3136
3174
3137
3175
3138
3176
3139
3177
3140
3178
3141
3179
3142
3180
3143
3181
3144
3182
3145
3183
3146
3184
3147
3185
3148
3186
3149
3187
3150
3188
3151
3189
3152
3190
3153
3191
3154
3192
3155
3193
3156
3194
3157
3195
3158
3196
3197
3160
3198
3161
3199
3162
3200
3163
3201
3164
3202
3165
3203
3166
3204
3167
3205
3168
3206
3169
3207
3170
3208
3171
3209
3172
3210
3173
3211
3174
3212
3175
3213
3176
3214
3177
3215
3178
3216
3179
3217
3180
3218
3181
3219
3182
3220
3183
3221
3184
3222
3185
3223
3186
3224
3187
3225
3188
3226
3189
3227
3190
3228
3191
3229
3192
3230
3193
3231
3194
3232
3195
3233
3196
3234
3197
3235
3236
3199
3237
3200
3238
3201
3239
3202
3240
3203
3241
3204
3242
3205
3243
3206
3244
3207
3245
3208
3246
3209
3247
3210
3248
3211
3249
3212
3250
3213
3251
3214
3252
3215
3253
3216
3254
3217
3255
3218
3256
3219
3257
3220
3258
3221
3259
3222
3260
3223
3261
3224
3262
3225
3263
3226
3264
3227
3265
3228
3266
3229
3267
3230
3268
3231
3269
3232
3270
3233
3271
3234
3272
3235
3273
3236
3274
3275
3238
3276
3239
3277
3240
3278
3241
3279
3242
3280
3243
3281
3244
3282
3245
3283
3246
3284
3247
3285
3248
3286
3249
3287
3250
3288
3251
3289
3252
3290
3253
3291
3254
3292
3255
3293
3256
3294
3257
3295
3258
3296
3259
3297
3260
3298
3261
3299
3262
3300
3263
3301
3264
3302
3265
3303
3266
3304
3267
3305
3268
3306
3269
3307
3270
3308
3271
3309
3272
3310
3273
3311
3274
3312
3275
3313
3314
3277
3315
3278
3316
3279
3317
3280
3318
3281
3319
3282
3320
3283
3321
3284
3322
3285
3323
3286
3324
3287
3325
3288
3326
3289
3327
3290
3328
3291
3329
3292
3330
3293
3331
3294
3332
3295
3333
3296
3334
3297
3335
3298
3336
3299
3337
3300
3338
3301
3339
3302
3340
3303
3341
3304
3342
3305
3343
3306
3344
3307
3345
3308
3346
3309
3347
3310
3348
3311
3349
3312
3350
3313
3351
3314
3352
3353
3316
3354
3317
3355
3318
3356
3319
3357
3320
3358
3321
3359
3322
3360
3323
3361
3324
3362
3325
3363
3326
3364
3327
3365
3328
3366
3329
3367
3330
3368
3331
3369
3332
3370
3333
3371
3334
3372
3335
3373
3336
3374
3337
3375
3338
3376
3339
3377
3340
3378
3341
3379
3342
3380
3343
3381
3344
3382
3345
3383
3346
3384
3347
3385
3348
3386
3349
3387
3350
3388
3351
3389
3352
3390
3353
3391
3392
3355
3393
3356
3394
3357
3395
3358
3396
3359
3397
3360
3398
3361
3399
3362
3400
3363
3401
3364
3402
3365
3403
3366
3404
3367
3405
3368
3406
3369
3407
3370
3408
3371
3409
3372
3410
3373
3411
3374
3412
3375
3413
3376
3414
3377
3415
3378
3416
3379
3417
3380
3418
3381
3419
3382
3420
3383
3421
3384
3422
3385
3423
3386
3424
3387
3425
3388
3426
3389
3427
3390
3428
3391
3429
3392
3430
3431
3394
3432
3395
3433
3396
3434
3397
3435
3398
3436
3399
3437
3400
3438
3401
3439
3402
3440
3403
3441
3404
3442
3405
3443
3406
3444
3407
3445
3408
3446
3409
3447
3410
3448
3411
3449
3412
3450
3413
3451
3414
3452
3415
3453
3416
3454
3417
3455
3418
3456
3419
3457
3420
3458
3421
3459
3422
3460
3423
3461
3424
3462
3425
3463
3426
3464
3427
3465
3428
3466
3429
3467
3430
3468
3431
3469
3470
3433
3471
3434
3472
3435
3473
3436
3474
3437
3475
3438
3476
3439
3477
3440
3478
3441
3479
3442
3480
3443
3481
3444
3482
3445
3483
3446
3484
3447
3485
3448
3486
3449
3487
3450
3488
3451
3489
3452
3490
3453
3491
3454
3492
3455
3493
3456
3494
3457
3495
3458
3496
3459
3497
3460
3498
3461
3499
3462
3500
3463
3501
3464
3502
3465
3503
3466
3504
3467
3505
3468
3506
3469
3507
3470
3508
3509
3472
3510
3473
3511
3474
3512
3475
3513
3476
3514
3477
3515
3478
3516
3479
3517
3480
3518
3481
3519
3482
3520
3483
3521
3484
3522
3485
3523
3486
3524
3487
3525
3488
3526
3489
3527
3490
3528
3491
3529
3492
3530
3493
3531
3494
3532
3495
3533
3496
3534
3497
3535
3498
3536
3499
3537
3500
3538
3501
3539
3502
3540
3503
3541
3504
3542
3505
3543
3506
3544
3507
3545
3508
3546
3509
3547
3548
3511
3549
3512
3550
3513
3551
3514
3552
3515
3553
3516
3554
3517
3555
3518
3556
3519
3557
3520
3558
3521
3559
3522
3560
3523
3561
3524
3562
3525
3563
3526
3564
3527
3565
3528
3566
3529
3567
3530
3568
3531
3569
3532
3570
3533
3571
3534
3572
3535
3573
3536
3574
3537
3575
3538
3576
3539
3577
3540
3578
3541
3579
3542
3580
3543
3581
3544
3582
3545
3583
3546
3584
3547
3585
3548
3586
3587
3550
3588
3551
3589
3552
3590
3553
3591
3554
3592
3555
3593
3556
3594
3557
3595
3558
3596
3559
3597
3560
3598
3561
3599
3562
3600
3563
3601
3564
3602
3565
3603
3566
3604
3567
3605
3568
3606
3569
3607
3570
3608
3571
3609
3572
3610
3573
3611
3574
3612
3575
3613
3576
3614
3577
3615
3578
3616
3579
3617
3580
3618
3581
3619
3582
3620
3583
3621
3584
3622
3585
3623
3586
3624
3587
3625
3626
3589
3627
3590
3628
3591
3629
3592
3630
3593
3631
3594
3632
3595
3633
3596
3634
3597
3635
3598
3636
3599
3637
3600
3638
3601
3639
3602
3640
3603
3641
3604
3642
3605
3643
3606
3644
3607
3645
3608
3646
3609
3647
3610
3648
3611
3649
3612
3650
3613
3651
3614
3652
3615
3653
3616
3654
3617
3655
3618
3656
3619
3657
3620
3658
3621
3659
3622
3660
3623
3661
3624
3662
3625
3663
3626
3664
3665
3628
3666
3629
3667
3630
3668
3631
3669
3632
3670
3633
3671
3634
3672
3635
3673
3636
3674
3637
3675
3638
3676
3639
3677
3640
3678
3641
3679
3642
3680
3643
3681
3644
3682
3645
3683
3646
3684
3647
3685
3648
3686
3649
3687
3650
3688
3651
3689
3652
3690
3653
3691
3654
3692
3655
3693
3656
3694
3657
3695
3658
3696
3659
3697
3660
3698
3661
3699
3662
3700
3663
3701
3664
3702
3665
3703
3704
3667
3705
3668
3706
3669
3707
3670
3708
3671
3709
3672
3710
3673
3711
3674
3712
3675
3713
3676
3714
3677
3715
3678
3716
3679
3717
3680
3718
3681
3719
3682
3720
3683
3721
3684
3722
3685
3723
3686
3724
3687
3725
3688
3726
3689
3727
3690
3728
3691
3729
3692
3730
3693
3731
3694
3732
3695
3733
3696
3734
3697
3735
3698
3736
3699
3737
3700
3738
3701
3739
3702
3740
3703
3741
3704
3742
3743
3706
3744
3707
3745
3708
3746
3709
3747
3710
3748
3711
3749
3712
3750
3713
3751
3714
3752
3715
3753
3716
3754
3717
3755
3718
3756
3719
3757
3720
3758
3721
3759
3722
3760
3723
3761
3724
3762
3725
3763
3726
3764
3727
3765
3728
3766
3729
3767
3730
3768
3731
3769
3732
3770
3733
3771
3734
3772
3735
3773
3736
3774
3737
3775
3738
3776
3739
3777
3740
3778
3741
3779
3742
3780
3743
3781
3782
3745
3783
3746
3784
3747
3785
3748
3786
3749
3787
3750
3788
3751
3789
3752
3790
3753
3791
3754
3792
3755
3793
3756
3794
3757
3795
3758
3796
3759
3797
3760
3798
3761
3799
3762
3800
3763
3801
3764
3802
3765
3803
3766
3804
3767
3805
3768
3806
3769
3807
3770
3808
3771
3809
3772
3810
3773
3811
3774
3812
3775
3813
3776
3814
3777
3815
3778
3816
3779
3817
3780
3818
3781
3819
3782
3820
3821
3784
3822
3785
3823
3786
3824
3787
3825
3788
3826
3789
3827
3790
3828
3791
3829
3792
3830
3793
3831
3794
3832
3795
3833
3796
3834
3797
3835
3798
3836
3799
3837
3800
3838
3801
3839
3802
3840
3803
3841
3804
3842
3805
3843
3806
3844
3807
3845
3808
3846
3809
3847
3810
3848
3811
3849
3812
3850
3813
3851
3814
3852
3815
3853
3816
3854
3817
3855
3818
3856
3819
3857
3820
3858
3821
3859
3860
3823
3861
3824
3862
3825
3863
3826
3864
3827
3865
3828
3866
3829
3867
3830
3868
3831
3869
3832
3870
3833
3871
3834
3872
3835
3873
3836
3874
3837
3875
3838
3876
3839
3877
3840
3878
3841
3879
3842
3880
3843
3881
3844
3882
3845
3883
3846
3884
3847
3885
3848
3886
3849
3887
3850
3888
3851
3889
3852
3890
3853
3891
3854
3892
3855
3893
3856
3894
3857
3895
3858
3896
3859
3897
3860
3898
3899
3862
3900
3863
3901
3864
3902
3865
3903
3866
3904
3867
3905
3868
3906
3869
3907
3870
3908
3871
3909
3872
3910
3873
3911
3874
3912
3875
3913
3876
3914
3877
3915
3878
3916
3879
3917
3880
3918
3881
3919
3882
3920
3883
3921
3884
3922
3885
3923
3886
3924
3887
3925
3888
3926
3889
3927
3890
3928
3891
3929
3892
3930
3893
3931
3894
3932
3895
3933
3896
3934
3897
3935
3898
3936
3899
3937
3938
3901
3939
3902
3940
3903
3941
3904
3942
3905
3943
3906
3944
3907
3945
3908
3946
3909
3947
3910
3948
3911
3949
3912
3950
3913
3951
3914
3952
3915
3953
3916
3954
3917
3955
3918
3956
3919
3957
3920
3958
3921
3959
3922
3960
3923
3961
3924
3962
3925
3963
3926
3964
3927
3965
3928
3966
3929
3967
3930
3968
3931
3969
3932
3970
3933
3971
3934
3972
3935
3973
3936
3974
3937
3975
3938
3976
3977
3940
3978
3941
3979
3942
3980
3943
3981
3944
3982
3945
3983
3946
3984
3947
3985
3948
3986
3949
3987
3950
3988
3951
3989
3952
3990
3953
3991
3954
3992
3955
3993
3956
3994
3957
3995
3958
3996
3959
3997
3960
3998
3961
3999
3962
4000
3963
4001
3964
4002
3965
4003
3966
4004
3967
4005
3968
4006
3969
4007
3970
4008
3971
4009
3972
4010
3973
4011
3974
4012
3975
4013
3976
4014
3977
4015
4016
3979
4017
3980
4018
3981
4019
3982
4020
3983
4021
3984
4022
3985
4023
3986
4024
3987
4025
3988
4026
3989
4027
3990
4028
3991
4029
3992
4030
3993
4031
3994
4032
3995
4033
3996
4034
3997
4035
3998
4036
3999
4037
4000
4038
4001
4039
4002
4040
4003
4041
4004
4042
4005
4043
4006
4044
4007
4045
4008
4046
4009
4047
4010
4048
4011
4049
4012
4050
4013
4051
4014
4052
4015
4053
4016
4054
4055
4018
4056
4019
4057
4020
4058
4021
4059
4022
4060
4023
4061
4024
4062
4025
4063
4026
4064
4027
4065
4028
4066
4029
4067
4030
4068
4031
4069
4032
4070
4033
4071
4034
4072
4035
4073
4036
4074
4037
4075
4038
4076
4039
4077
4040
4078
4041
4079
4042
4080
4043
4081
4044
4082
4045
4083
4046
4084
4047
4085
4048
4086
4049
4087
4050
4088
4051
4089
4052
4090
4053
4091
4054
4092
4055
4093
4094
4057
4095
4058
4096
4059
4097
4060
4098
4061
4099
4062
4100
4063
4101
4064
4102
4065
4103
4066
4104
4067
4105
4068
4106
4069
4107
4070
4108
4071
4109
4072
4110
4073
4111
4074
4112
4075
4113
4076
4114
4077
4115
4078
4116
4079
4117
4080
4118
4081
4119
4082
4120
4083
4121
4084
4122
4085
4123
4086
4124
4087
4125
4088
4126
4089
4127
4090
4128
4091
4129
4092
4130
4093
4131
4094
4132
4133
4096
4134
4097
4135
4098
4136
4099
4137
4100
4138
4101
4139
4102
4140
4103
4141
4104
4142
4105
4143
4106
4144
4107
4145
4108
4146
4109
4147
4110
4148
4111
4149
4112
4150
4113
4151
4114
4152
4115
4153
4116
4154
4117
4155
4118
4156
4119
4157
4120
4158
4121
4159
4122
4160
4123
4161
4124
4162
4125
4163
4126
4164
4127
4165
4128
4166
4129
4167
4130
4168
4131
4169
4132
4170
4133
4171
4172
4135
4173
4136
4174
4137
4175
4138
4176
4139
4177
4140
4178
4141
4179
4142
4180
4143
4181
4144
4182
4145
4183
4146
4184
4147
4185
4148
4186
4149
4187
4150
4188
4151
4189
4152
4190
4153
4191
4154
4192
4155
4193
4156
4194
4157
4195
4158
4196
4159
4197
4160
4198
4161
4199
4162
4200
4163
4201
4164
4202
4165
4203
4166
4204
4167
4205
4168
4206
4169
4207
4170
4208
4171
4209
4172
4210
4211
4174
4212
4175
4213
4176
4214
4177
4215
4178
4216
4179
4217
4180
4218
4181
4219
4182
4220
4183
4221
4184
4222
4185
4223
4186
4224
4187
4225
4188
4226
4189
4227
4190
4228
4191
4229
4192
4230
4193
4231
4194
4232
4195
4233
4196
4234
4197
4235
4198
4236
4199
4237
4200
4238
4201
4239
4202
4240
4203
4241
4204
4242
4205
4243
4206
4244
4207
4245
4208
4246
4209
4247
4210
4248
4211
4249
4250
4213
4251
4214
4252
4215
4253
4216
4254
4217
4255
4218
4256
4219
4257
4220
4258
4221
4259
4222
4260
4223
4261
4224
4262
4225
4263
4226
4264
4227
4265
4228
4266
4229
4267
4230
4268
4231
4269
4232
4270
4233
4271
4234
4272
4235
4273
4236
4274
4237
4275
4238
4276
4239
4277
4240
4278
4241
4279
4242
4280
4243
4281
4244
4282
4245
4283
4246
4284
4247
4285
4248
4286
4249
4287
4250
4288
4289
4252
4290
4253
4291
4254
4292
4255
4293
4256
4294
4257
4295
4258
4296
4259
4297
4260
4298
4261
4299
4262
4300
4263
4301
4264
4302
4265
4303
4266
4304
4267
4305
4268
4306
4269
4307
4270
4308
4271
4309
4272
4310
4273
4311
4274
4312
4275
4313
4276
4314
4277
4315
4278
4316
4279
4317
4280
4318
4281
4319
4282
4320
4283
4321
4284
4322
4285
4323
4286
4324
4287
4325
4288
4326
4289
4327
4328
4291
4329
4292
4330
4293
4331
4294
4332
4295
4333
4296
4334
4297
4335
4298
4336
4299
4337
4300
4338
4301
4339
4302
4340
4303
4341
4304
4342
4305
4343
4306
4344
4307
4345
4308
4346
4309
4347
4310
4348
4311
4349
4312
4350
4313
4351
4314
4352
4315
4353
4316
4354
4317
4355
4318
4356
4319
4357
4320
4358
4321
4359
4322
4360
4323
4361
4324
4362
4325
4363
4326
4364
4327
4365
4328
4366
4367
4330
4368
4331
4369
4332
4370
4333
4371
4334
4372
4335
4373
4336
4374
4337
4375
4338
4376
4339
4377
4340
4378
4341
4379
4342
4380
4343
4381
4344
4382
4345
4383
4346
4384
4347
4385
4348
4386
4349
4387
4350
4388
4351
4389
4352
4390
4353
4391
4354
4392
4355
4393
4356
4394
4357
4395
4358
4396
4359
4397
4360
4398
4361
4399
4362
4400
4363
4401
4364
4402
4365
4403
4366
4404
4367
4405
4406
4369
4407
4370
4408
4371
4409
4372
4410
4373
4411
4374
4412
4375
4413
4376
4414
4377
4415
4378
4416
4379
4417
4380
4418
4381
4419
4382
4420
4383
4421
4384
4422
4385
4423
4386
4424
4387
4425
4388
4426
4389
4427
4390
4428
4391
4429
4392
4430
4393
4431
4394
4432
4395
4433
4396
4434
4397
4435
4398
4436
4399
4437
4400
4438
4401
4439
4402
4440
4403
4441
4404
4442
4405
4443
4406
4444
4445
4408
4446
4409
4447
4410
4448
4411
4449
4412
4450
4413
4451
4414
4452
4415
4453
4416
4454
4417
4455
4418
4456
4419
4457
4420
4458
4421
4459
4422
4460
4423
4461
4424
4462
4425
4463
4426
4464
4427
4465
4428
4466
4429
4467
4430
4468
4431
4469
4432
4470
4433
4471
4434
4472
4435
4473
4436
4474
4437
4475
4438
4476
4439
4477
4440
4478
4441
4479
4442
4480
4443
4481
4444
4482
4445
4483
4484
4447
4485
4448
4486
4449
4487
4450
4488
4451
4489
4452
4490
4453
4491
4454
4492
4455
4493
4456
4494
4457
4495
4458
4496
4459
4497
4460
4498
4461
4499
4462
4500
4463
4501
4464
4502
4465
4503
4466
4504
4467
4505
4468
4506
4469
4507
4470
4508
4471
4509
4472
4510
4473
4511
4474
4512
4475
4513
4476
4514
4477
4515
4478
4516
4479
4517
4480
4518
4481
4519
4482
4520
4483
4521
4484
4522
4523
4486
4524
4487
4525
4488
4526
4489
4527
4490
4528
4491
4529
4492
4530
4493
4531
4494
4532
4495
4533
4496
4534
4497
4535
4498
4536
4499
4537
4500
4538
4501
4539
4502
4540
4503
4541
4504
4542
4505
4543
4506
4544
4507
4545
4508
4546
4509
4547
4510
4548
4511
4549
4512
4550
4513
4551
4514
4552
4515
4553
4516
4554
4517
4555
4518
4556
4519
4557
4520
4558
4521
4559
4522
4560
4523
4561
4562
4525
4563
4526
4564
4527
4565
4528
4566
4529
4567
4530
4568
4531
4569
4532
4570
4533
4571
4534
4572
4535
4573
4536
4574
4537
4575
4538
4576
4539
4577
4540
4578
4541
4579
4542
4580
4543
4581
4544
4582
4545
4583
4546
4584
4547
4585
4548
4586
4549
4587
4550
4588
4551
4589
4552
4590
4553
4591
4554
4592
4555
4593
4556
4594
4557
4595
4558
4596
4559
4597
4560
4598
4561
4599
4562
4600
4601
4564
4602
4565
4603
4566
4604
4567
4605
4568
4606
4569
4607
4570
4608
4571
4609
4572
4610
4573
4611
4574
4612
4575
4613
4576
4614
4577
4615
4578
4616
4579
4617
4580
4618
4581
4619
4582
4620
4583
4621
4584
4622
4585
4623
4586
4624
4587
4625
4588
4626
4589
4627
4590
4628
4591
4629
4592
4630
4593
4631
4594
4632
4595
4633
4596
4634
4597
4635
4598
4636
4599
4637
4600
4638
4601
4639
4640
4603
4641
4604
4642
4605
4643
4606
4644
4607
4645
4608
4646
4609
4647
4610
4648
4611
4649
4612
4650
4613
4651
4614
4652
4615
4653
4616
4654
4617
4655
4618
4656
4619
4657
4620
4658
4621
4659
4622
4660
4623
4661
4624
4662
4625
4663
4626
4664
4627
4665
4628
4666
4629
4667
4630
4668
4631
4669
4632
4670
4633
4671
4634
4672
4635
4673
4636
4674
4637
4675
4638
4676
4639
4677
4640
4678
4679
4642
4680
4643
4681
4644
4682
4645
4683
4646
4684
4647
4685
4648
4686
4649
4687
4650
4688
4651
4689
4652
4690
4653
4691
4654
4692
4655
4693
4656
4694
4657
4695
4658
4696
4659
4697
4660
4698
4661
4699
4662
4700
4663
4701
4664
4702
4665
4703
4666
4704
4667
4705
4668
4706
4669
4707
4670
4708
4671
4709
4672
4710
4673
4711
4674
4712
4675
4713
4676
4714
4677
4715
4678
4716
4679
4717
4718
4681
4719
4682
4720
4683
4721
4684
4722
4685
4723
4686
4724
4687
4725
4688
4726
4689
4727
4690
4728
4691
4729
4692
4730
4693
4731
4694
4732
4695
4733
4696
4734
4697
4735
4698
4736
4699
4737
4700
4738
4701
4739
4702
4740
4703
4741
4704
4742
4705
4743
4706
4744
4707
4745
4708
4746
4709
4747
4710
4748
4711
4749
4712
4750
4713
4751
4714
4752
4715
4753
4716
4754
4717
4755
4718
4756
4757
4720
4758
4721
4759
4722
4760
4723
4761
4724
4762
4725
4763
4726
4764
4727
4765
4728
4766
4729
4767
4730
4768
4731
4769
4732
4770
4733
4771
4734
4772
4735
4773
4736
4774
4737
4775
4738
4776
4739
4777
4740
4778
4741
4779
4742
4780
4743
4781
4744
4782
4745
4783
4746
4784
4747
4785
4748
4786
4749
4787
4750
4788
4751
4789
4752
4790
4753
4791
4754
4792
4755
4793
4756
4794
4757
4795
4796
4759
4797
4760
4798
4761
4799
4762
4800
4763
4801
4764
4802
4765
4803
4766
4804
4767
4805
4768
4806
4769
4807
4770
4808
4771
4809
4772
4810
4773
4811
4774
4812
4775
4813
4776
4814
4777
4815
4778
4816
4779
4817
4780
4818
4781
4819
4782
4820
4783
4821
4784
4822
4785
4823
4786
4824
4787
4825
4788
4826
4789
4827
4790
4828
4791
4829
4792
4830
4793
4831
4794
4832
4795
4833
4796
4834
4835
4798
4836
4799
4837
4800
4838
4801
4839
4802
4840
4803
4841
4804
4842
4805
4843
4806
4844
4807
4845
4808
4846
4809
4847
4810
4848
4811
4849
4812
4850
4813
4851
4814
4852
4815
4853
4816
4854
4817
4855
4818
4856
4819
4857
4820
4858
4821
4859
4822
4860
4823
4861
4824
4862
4825
4863
4826
4864
4827
4865
4828
4866
4829
4867
4830
4868
4831
4869
4832
4870
4833
4871
4834
4872
4835
4873
4874
4837
4875
4838
4876
4839
4877
4840
4878
4841
4879
4842
4880
4843
4881
4844
4882
4845
4883
4846
4884
4847
4885
4848
4886
4849
4887
4850
4888
4851
4889
4852
4890
4853
4891
4854
4892
4855
4893
4856
4894
4857
4895
4858
4896
4859
4897
4860
4898
4861
4899
4862
4900
4863
4901
4864
4902
4865
4903
4866
4904
4867
4905
4868
4906
4869
4907
4870
4908
4871
4909
4872
4910
4873
4911
4874
4912
4913
4876
4914
4877
4915
4878
4916
4879
4917
4880
4918
4881
4919
4882
4920
4883
4921
4884
4922
4885
4923
4886
4924
4887
4925
4888
4926
4889
4927
4890
4928
4891
4929
4892
4930
4893
4931
4894
4932
4895
4933
4896
4934
4897
4935
4898
4936
4899
4937
4900
4938
4901
4939
4902
4940
4903
4941
4904
4942
4905
4943
4906
4944
4907
4945
4908
4946
4909
4947
4910
4948
4911
4949
4912
4950
4913
4951
4952
4915
4953
4916
4954
4917
4955
4918
4956
4919
4957
4920
4958
4921
4959
4922
4960
4923
4961
4924
4962
4925
4963
4926
4964
4927
4965
4928
4966
4929
4967
4930
4968
4931
4969
4932
4970
4933
4971
4934
4972
4935
4973
4936
4974
4937
4975
4938
4976
4939
4977
4940
4978
4941
4979
4942
4980
4943
4981
4944
4982
4945
4983
4946
4984
4947
4985
4948
4986
4949
4987
4950
4988
4951
4989
4952
4990
4991
4954
4992
4955
4993
4956
4994
4957
4995
4958
4996
4959
4997
4960
4998
4961
4999
4962
5000
4963
5001
4964
5002
4965
5003
4966
5004
4967
5005
4968
5006
4969
5007
4970
5008
4971
5009
4972
5010
4973
5011
4974
5012
4975
5013
4976
5014
4977
5015
4978
5016
4979
5017
4980
5018
4981
5019
4982
5020
4983
5021
4984
5022
4985
5023
4986
5024
4987
5025
4988
5026
4989
5027
4990
5028
4991
5029
5030
4993
5031
4994
5032
4995
5033
4996
5034
4997
5035
4998
5036
4999
5037
5000
5038
5001
5039
5002
5040
5003
5041
5004
5042
5005
5043
5006
5044
5007
5045
5008
5046
5009
5047
5010
5048
5011
5049
5012
5050
5013
5051
5014
5052
5015
5053
5016
5054
5017
5055
5018
5056
5019
5057
5020
5058
5021
5059
5022
5060
5023
5061
5024
5062
5025
5063
5026
5064
5027
5065
5028
5066
5029
5067
5030
5068
5069
5032
5070
5033
5071
5034
5072
5035
5073
5036
5074
5037
5075
5038
5076
5039
5077
5040
5078
5041
5079
5042
5080
5043
5081
5044
5082
5045
5083
5046
5084
5047
5085
5048
5086
5049
5087
5050
5088
5051
5089
5052
5090
5053
5091
5054
5092
5055
5093
5056
5094
5057
5095
5058
5096
5059
5097
5060
5098
5061
5099
5062
5100
5063
5101
5064
5102
5065
5103
5066
5104
5067
5105
5068
5106
5069
5107
5108
5071
5109
5072
5110
5073
5111
5074
5112
5075
5113
5076
5114
5077
5115
5078
5116
5079
5117
5080
5118
5081
5119
5082
5120
5083
5121
5084
5122
5085
5123
5086
5124
5087
5125
5088
5126
5089
5127
5090
5128
5091
5129
5092
5130
5093
5131
5094
5132
5095
5133
5096
5134
5097
5135
5098
5136
5099
5137
5100
5138
5101
5139
5102
5140
5103
5141
5104
5142
5105
5143
5106
5144
5107
5145
5108
5146
5147
5110
5148
5111
5149
5112
5150
5113
5151
5114
5152
5115
5153
5116
5154
5117
5155
5118
5156
5119
5157
5120
5158
5121
5159
5122
5160
5123
5161
5124
5162
5125
5163
5126
5164
5127
5165
5128
5166
5129
5167
5130
5168
5131
5169
5132
5170
5133
5171
5134
5172
5135
5173
5136
5174
5137
5175
5138
5176
5139
5177
5140
5178
5141
5179
5142
5180
5143
5181
5144
5182
5145
5183
5146
5184
5147
5185
5186
5149
5187
5150
5188
5151
5189
5152
5190
5153
5191
5154
5192
5155
5193
5156
5194
5157
5195
5158
5196
5159
5197
5160
5198
5161
5199
5162
5200
5163
5201
5164
5202
5165
5203
5166
5204
5167
5205
5168
5206
5169
5207
5170
5208
5171
5209
5172
5210
5173
5211
5174
5212
5175
5213
5176
5214
5177
5215
5178
5216
5179
5217
5180
5218
5181
5219
5182
5220
5183
5221
5184
5222
5185
5223
5186
5224
5225
5188
5226
5189
5227
5190
5228
5191
5229
5192
5230
5193
5231
5194
5232
5195
5233
5196
5234
5197
5235
5198
5236
5199
5237
5200
5238
5201
5239
5202
5240
5203
5241
5204
5242
5205
5243
5206
5244
5207
5245
5208
5246
5209
5247
5210
5248
5211
5249
5212
5250
5213
5251
5214
5252
5215
5253
5216
5254
5217
5255
5218
5256
5219
5257
5220
5258
5221
5259
5222
5260
5223
5261
5224
5262
5225
5263
5264
5227
5265
5228
5266
5229
5267
5230
5268
5231
5269
5232
5270
5233
5271
5234
5272
5235
5273
5236
5274
5237
5275
5238
5276
5239
5277
5240
5278
5241
5279
5242
5280
5243
5281
5244
5282
5245
5283
5246
5284
5247
5285
5248
5286
5249
5287
5250
5288
5251
5289
5252
5290
5253
5291
5254
5292
5255
5293
5256
5294
5257
5295
5258
5296
5259
5297
5260
5298
5261
5299
5262
5300
5263
5301
5264
5302
5303
5266
5304
5267
5305
5268
5306
5269
5307
5270
5308
5271
5309
5272
5310
5273
5311
5274
5312
5275
5313
5276
5314
5277
5315
5278
5316
5279
5317
5280
5318
5281
5319
5282
5320
5283
5321
5284
5322
5285
5323
5286
5324
5287
5325
5288
5326
5289
5327
5290
5328
5291
5329
5292
5330
5293
5331
5294
5332
5295
5333
5296
5334
5297
5335
5298
5336
5299
5337
5300
5338
5301
5339
5302
5340
5303
5341
5342
5305
5343
5306
5344
5307
5345
5308
5346
5309
5347
5310
5348
5311
5349
5312
5350
5313
5351
5314
5352
5315
5353
5316
5354
5317
5355
5318
5356
5319
5357
5320
5358
5321
5359
5322
5360
5323
5361
5324
5362
5325
5363
5326
5364
5327
5365
5328
5366
5329
5367
5330
5368
5331
5369
5332
5370
5333
5371
5334
5372
5335
5373
5336
5374
5337
5375
5338
5376
5339
5377
5340
5378
5341
5379
5342
5380
5381
5344
5382
5345
5383
5346
5384
5347
5385
5348
5386
5349
5387
5350
5388
5351
5389
5352
5390
5353
5391
5354
5392
5355
5393
5356
5394
5357
5395
5358
5396
5359
5397
5360
5398
5361
5399
5362
5400
5363
5401
5364
5402
5365
5403
5366
5404
5367
5405
5368
5406
5369
5407
5370
5408
5371
5409
5372
5410
5373
5411
5374
5412
5375
5413
5376
5414
5377
5415
5378
5416
5379
5417
5380
5418
5381
5419
5420
5383
5421
5384
5422
5385
5423
5386
5424
5387
5425
5388
5426
5389
5427
5390
5428
5391
5429
5392
5430
5393
5431
5394
5432
5395
5433
5396
5434
5397
5435
5398
5436
5399
5437
5400
5438
5401
5439
5402
5440
5403
5441
5404
5442
5405
5443
5406
5444
5407
5445
5408
5446
5409
5447
5410
5448
5411
5449
5412
5450
5413
5451
5414
5452
5415
5453
5416
5454
5417
5455
5418
5456
5419
5457
5420
5458
5459
5422
5460
5423
5461
5424
5462
5425
5463
5426
5464
5427
5465
5428
5466
5429
5467
5430
5468
5431
5469
5432
5470
5433
5471
5434
5472
5435
5473
5436
5474
5437
5475
5438
5476
5439
5477
5440
5478
5441
5479
5442
5480
5443
5481
5444
5482
5445
5483
5446
5484
5447
5485
5448
5486
5449
5487
5450
5488
5451
5489
5452
5490
5453
5491
5454
5492
5455
5493
5456
5494
5457
5495
5458
5496
5459
5497
5498
5461
5499
5462
5500
5463
5501
5464
5502
5465
5503
5466
5504
5467
5505
5468
5506
5469
5507
5470
5508
5471
5509
5472
5510
5473
5511
5474
5512
5475
5513
5476
5514
5477
5515
5478
5516
5479
5517
5480
5518
5481
5519
5482
5520
5483
5521
5484
5522
5485
5523
5486
5524
5487
5525
5488
5526
5489
5527
5490
5528
5491
5529
5492
5530
5493
5531
5494
5532
5495
5533
5496
5534
5497
5535
5498
5536
5537
5500
5538
5501
5539
5502
5540
5503
5541
5504
5542
5505
5543
5506
5544
5507
5545
5508
5546
5509
5547
5510
5548
5511
5549
5512
5550
5513
5551
5514
5552
5515
5553
5516
5554
5517
5555
5518
5556
5519
5557
5520
5558
5521
5559
5522
5560
5523
5561
5524
5562
5525
5563
5526
5564
5527
5565
5528
5566
5529
5567
5530
5568
5531
5569
5532
5570
5533
5571
5534
5572
5535
5573
5536
5574
5537
5575
5576
5539
5577
5540
5578
5541
5579
5542
5580
5543
5581
5544
5582
5545
5583
5546
5584
5547
5585
5548
5586
5549
5587
5550
5588
5551
5589
5552
5590
5553
5591
5554
5592
5555
5593
5556
5594
5557
5595
5558
5596
5559
5597
5560
5598
5561
5599
5562
5600
5563
5601
5564
5602
5565
5603
5566
5604
5567
5605
5568
5606
5569
5607
5570
5608
5571
5609
5572
5610
5573
5611
5574
5612
5575
5613
5576
5614
5615
5578
5616
5579
5617
5580
5618
5581
5619
5582
5620
5583
5621
5584
5622
5585
5623
5586
5624
5587
5625
5588
5626
5589
5627
5590
5628
5591
5629
5592
5630
5593
5631
5594
5632
5595
5633
5596
5634
5597
5635
5598
5636
5599
5637
5600
5638
5601
5639
5602
5640
5603
5641
5604
5642
5605
5643
5606
5644
5607
5645
5608
5646
5609
5647
5610
5648
5611
5649
5612
5650
5613
5651
5614
5652
5615
5653
5654
5617
5655
5618
5656
5619
5657
5620
5658
5621
5659
5622
5660
5623
5661
5624
5662
5625
5663
5626
5664
5627
5665
5628
5666
5629
5667
5630
5668
5631
5669
5632
5670
5633
5671
5634
5672
5635
5673
5636
5674
5637
5675
5638
5676
5639
5677
5640
5678
5641
5679
5642
5680
5643
5681
5644
5682
5645
5683
5646
5684
5647
5685
5648
5686
5649
5687
5650
5688
5651
5689
5652
5690
5653
5691
5654
5692
5693
5656
5694
5657
5695
5658
5696
5659
5697
5660
5698
5661
5699
5662
5700
5663
5701
5664
5702
5665
5703
5666
5704
5667
5705
5668
5706
5669
5707
5670
5708
5671
5709
5672
5710
5673
5711
5674
5712
5675
5713
5676
5714
5677
5715
5678
5716
5679
5717
5680
5718
5681
5719
5682
5720
5683
5721
5684
5722
5685
5723
5686
5724
5687
5725
5688
5726
5689
5727
5690
5728
5691
5729
5692
5730
5693
5731
5732
5695
5733
5696
5734
5697
5735
5698
5736
5699
5737
5700
5738
5701
5739
5702
5740
5703
5741
5704
5742
5705
5743
5706
5744
5707
5745
5708
5746
5709
5747
5710
5748
5711
5749
5712
5750
5713
5751
5714
5752
5715
5753
5716
5754
5717
5755
5718
5756
5719
5757
5720
5758
5721
5759
5722
5760
5723
5761
5724
5762
5725
5763
5726
5764
5727
5765
5728
5766
5729
5767
5730
5768
5731
5769
5732
5770
5771
5734
5772
5735
5773
5736
5774
5737
5775
5738
5776
5739
5777
5740
5778
5741
5779
5742
5780
5743
5781
5744
5782
5745
5783
5746
5784
5747
5785
5748
5786
5749
5787
5750
5788
5751
5789
5752
5790
5753
5791
5754
5792
5755
5793
5756
5794
5757
5795
5758
5796
5759
5797
5760
5798
5761
5799
5762
5800
5763
5801
5764
5802
5765
5803
5766
5804
5767
5805
5768
5806
5769
5807
5770
5808
5771
5809
5810
5773
5811
5774
5812
5775
5813
5776
5814
5777
5815
5778
5816
5779
5817
5780
5818
5781
5819
5782
5820
5783
5821
5784
5822
5785
5823
5786
5824
5787
5825
5788
5826
5789
5827
5790
5828
5791
5829
5792
5830
5793
5831
5794
5832
5795
5833
5796
5834
5797
5835
5798
5836
5799
5837
5800
5838
5801
5839
5802
5840
5803
5841
5804
5842
5805
5843
5806
5844
5807
5845
5808
5846
5809
5847
5810
5848
5849
5812
5850
5813
5851
5814
5852
5815
5853
5816
5854
5817
5855
5818
5856
5819
5857
5820
5858
5821
5859
5822
5860
5823
5861
5824
5862
5825
5863
5826
5864
5827
5865
5828
5866
5829
5867
5830
5868
5831
5869
5832
5870
5833
5871
5834
5872
5835
5873
5836
5874
5837
5875
5838
5876
5839
5877
5840
5878
5841
5879
5842
5880
5843
5881
5844
5882
5845
5883
5846
5884
5847
5885
5848
5886
5849
5887
5888
5851
5889
5852
5890
5853
5891
5854
5892
5855
5893
5856
5894
5857
5895
5858
5896
5859
5897
5860
5898
5861
5899
5862
5900
5863
5901
5864
5902
5865
5903
5866
5904
5867
5905
5868
5906
5869
5907
5870
5908
5871
5909
5872
5910
5873
5911
5874
5912
5875
5913
5876
5914
5877
5915
5878
5916
5879
5917
5880
5918
5881
5919
5882
5920
5883
5921
5884
5922
5885
5923
5886
5924
5887
5925
5888
5926
5927
5890
5928
5891
5929
5892
5930
5893
5931
5894
5932
5895
5933
5896
5934
5897
5935
5898
5936
5899
5937
5900
5938
5901
5939
5902
5940
5903
5941
5904
5942
5905
5943
5906
5944
5907
5945
5908
5946
5909
5947
5910
5948
5911
5949
5912
5950
5913
5951
5914
5952
5915
5953
5916
5954
5917
5955
5918
5956
5919
5957
5920
5958
5921
5959
5922
5960
5923
5961
5924
5962
5925
5963
5926
5964
5927
5965
5966
5929
5967
5930
5968
5931
5969
5932
5970
5933
5971
5934
5972
5935
5973
5936
5974
5937
5975
5938
5976
5939
5977
5940
5978
5941
5979
5942
5980
5943
5981
5944
5982
5945
5983
5946
5984
5947
5985
5948
5986
5949
5987
5950
5988
5951
5989
5952
5990
5953
5991
5954
5992
5955
5993
5956
5994
5957
5995
5958
5996
5959
5997
5960
5998
5961
5999
5962
6000
5963
6001
5964
6002
5965
6003
5966
6004
6005
5968
6006
5969
6007
5970
6008
5971
6009
5972
6010
5973
6011
5974
6012
5975
6013
5976
6014
5977
6015
5978
6016
5979
6017
5980
6018
5981
6019
5982
6020
5983
6021
5984
6022
5985
6023
5986
6024
5987
6025
5988
6026
5989
6027
5990
6028
5991
6029
5992
6030
5993
6031
5994
6032
5995
6033
5996
6034
5997
6035
5998
6036
5999
6037
6000
6038
6001
6039
6002
6040
6003
6041
6004
6042
6005
6043
6044
6007
6045
6008
6046
6009
6047
6010
6048
6011
6049
6012
6050
6013
6051
6014
6052
6015
6053
6016
6054
6017
6055
6018
6056
6019
6057
6020
6058
6021
6059
6022
6060
6023
6061
6024
6062
6025
6063
6026
6064
6027
6065
6028
6066
6029
6067
6030
6068
6031
6069
6032
6070
6033
6071
6034
6072
6035
6073
6036
6074
6037
6075
6038
6076
6039
6077
6040
6078
6041
6079
6042
6080
6043
6081
6044
6082
6083
6046
6084
6047
6085
6048
6086
6049
6087
6050
6088
6051
6089
6052
6090
6053
6091
6054
6092
6055
6093
6056
6094
6057
6095
6058
6096
6059
6097
6060
6098
6061
6099
6062
6100
6063
6101
6064
6102
6065
6103
6066
6104
6067
6105
6068
6106
6069
6107
6070
6108
6071
6109
6072
6110
6073
6111
6074
6112
6075
6113
6076
6114
6077
6115
6078
6116
6079
6117
6080
6118
6081
6119
6082
6120
6083
6121
6122
6085
6123
6086
6124
6087
6125
6088
6126
6089
6127
6090
6128
6091
6129
6092
6130
6093
6131
6094
6132
6095
6133
6096
6134
6097
6135
6098
6136
6099
6137
6100
6138
6101
6139
6102
6140
6103
6141
6104
6142
6105
6143
6106
6144
6107
6145
6108
6146
6109
6147
6110
6148
6111
6149
6112
6150
6113
6151
6114
6152
6115
6153
6116
6154
6117
6155
6118
6156
6119
6157
6120
6158
6121
6159
6122
6160
6161
6124
6162
6125
6163
6126
6164
6127
6165
6128
6166
6129
6167
6130
6168
6131
6169
6132
6170
6133
6171
6134
6172
6135
6173
6136
6174
6137
6175
6138
6176
6139
6177
6140
6178
6141
6179
6142
6180
6143
6181
6144
6182
6145
6183
6146
6184
6147
6185
6148
6186
6149
6187
6150
6188
6151
6189
6152
6190
6153
6191
6154
6192
6155
6193
6156
6194
6157
6195
6158
6196
6159
6197
6160
6198
6161
6199
6200
6163
6201
6164
6202
6165
6203
6166
6204
6167
6205
6168
6206
6169
6207
6170
6208
6171
6209
6172
6210
6173
6211
6174
6212
6175
6213
6176
6214
6177
6215
6178
6216
6179
6217
6180
6218
6181
6219
6182
6220
6183
6221
6184
6222
6185
6223
6186
6224
6187
6225
6188
6226
6189
6227
6190
6228
6191
6229
6192
6230
6193
6231
6194
6232
6195
6233
6196
6234
6197
6235
6198
6236
6199
6237
6200
6238
6239
6202
6240
6203
6241
6204
6242
6205
6243
6206
6244
6207
6245
6208
6246
6209
6247
6210
6248
6211
6249
6212
6250
6213
6251
6214
6252
6215
6253
6216
6254
6217
6255
6218
6256
6219
6257
6220
6258
6221
6259
6222
6260
6223
6261
6224
6262
6225
6263
6226
6264
6227
6265
6228
6266
6229
6267
6230
6268
6231
6269
6232
6270
6233
6271
6234
6272
6235
6273
6236
6274
6237
6275
6238
6276
6239
6277
6278
6241
6279
6242
6280
6243
6281
6244
6282
6245
6283
6246
6284
6247
6285
6248
6286
6249
6287
6250
6288
6251
6289
6252
6290
6253
6291
6254
6292
6255
6293
6256
6294
6257
6295
6258
6296
6259
6297
6260
6298
6261
6299
6262
6300
6263
6301
6264
6302
6265
6303
6266
6304
6267
6305
6268
6306
6269
6307
6270
6308
6271
6309
6272
6310
6273
6311
6274
6312
6275
6313
6276
6314
6277
6315
6278
6316
6317
6280
6318
6281
6319
6282
6320
6283
6321
6284
6322
6285
6323
6286
6324
6287
6325
6288
6326
6289
6327
6290
6328
6291
6329
6292
6330
6293
6331
6294
6332
6295
6333
6296
6334
6297
6335
6298
6336
6299
6337
6300
6338
6301
6339
6302
6340
6303
6341
6304
6342
6305
6343
6306
6344
6307
6345
6308
6346
6309
6347
6310
6348
6311
6349
6312
6350
6313
6351
6314
6352
6315
6353
6316
6354
6317
6355
6356
6319
6357
6320
6358
6321
6359
6322
6360
6323
6361
6324
6362
6325
6363
6326
6364
6327
6365
6328
6366
6329
6367
6330
6368
6331
6369
6332
6370
6333
6371
6334
6372
6335
6373
6336
6374
6337
6375
6338
6376
6339
6377
6340
6378
6341
6379
6342
6380
6343
6381
6344
6382
6345
6383
6346
6384
6347
6385
6348
6386
6349
6387
6350
6388
6351
6389
6352
6390
6353
6391
6354
6392
6355
6393
6356
6394
6395
6358
6396
6359
6397
6360
6398
6361
6399
6362
6400
6363
6401
6364
6402
6365
6403
6366
6404
6367
6405
6368
6406
6369
6407
6370
6408
6371
6409
6372
6410
6373
6411
6374
6412
6375
6413
6376
6414
6377
6415
6378
6416
6379
6417
6380
6418
6381
6419
6382
6420
6383
6421
6384
6422
6385
6423
6386
6424
6387
6425
6388
6426
6389
6427
6390
6428
6391
6429
6392
6430
6393
6431
6394
6432
6395
6433
6434
6397
6435
6398
6436
6399
6437
6400
6438
6401
6439
6402
6440
6403
6441
6404
6442
6405
6443
6406
6444
6407
6445
6408
6446
6409
6447
6410
6448
6411
6449
6412
6450
6413
6451
6414
6452
6415
6453
6416
6454
6417
6455
6418
6456
6419
6457
6420
6458
6421
6459
6422
6460
6423
6461
6424
6462
6425
6463
6426
6464
6427
6465
6428
6466
6429
6467
6430
6468
6431
6469
6432
6470
6433
6471
6434
6472
6473
6436
6474
6437
6475
6438
6476
6439
6477
6440
6478
6441
6479
6442
6480
6443
6481
6444
6482
6445
6483
6446
6484
6447
6485
6448
6486
6449
6487
6450
6488
6451
6489
6452
6490
6453
6491
6454
6492
6455
6493
6456
6494
6457
6495
6458
6496
6459
6497
6460
6498
6461
6499
6462
6500
6463
6501
6464
6502
6465
6503
6466
6504
6467
6505
6468
6506
6469
6507
6470
6508
6471
6509
6472
6510
6473
6511
6512
6475
6513
6476
6514
6477
6515
6478
6516
6479
6517
6480
6518
6481
6519
6482
6520
6483
6521
6484
6522
6485
6523
6486
6524
6487
6525
6488
6526
6489
6527
6490
6528
6491
6529
6492
6530
6493
6531
6494
6532
6495
6533
6496
6534
6497
6535
6498
6536
6499
6537
6500
6538
6501
6539
6502
6540
6503
6541
6504
6542
6505
6543
6506
6544
6507
6545
6508
6546
6509
6547
6510
6548
6511
6549
6512
6550
6551
6514
6515
6516
6517
6518
6519
6520
6521
6522
6523
6524
6525
6526
6527
6528
6529
6530
6531
6532
6533
6534
6535
6536
6537
6538
6539
6540
6541
6542
6543
6544
6545
6546
6547
6548
6549
6550
6551
)


// ************************************************************************* //
