/*--------------------------------*- C++ -*----------------------------------*\
| =========                 |                                                 |
| \\      /  F ield         | OpenFOAM: The Open Source CFD Toolbox           |
|  \\    /   O peration     | Version:  4.x                                   |
|   \\  /    A nd           | Web:      www.OpenFOAM.org                      |
|    \\/     M anipulation  |                                                 |
\*---------------------------------------------------------------------------*/
FoamFile
{
    version     2.0;
    format      ascii;
    class       volScalarField;
    location    "6000";
    object      omega;
}
// * * * * * * * * * * * * * * * * * * * * * * * * * * * * * * * * * * * * * //

dimensions      [0 0 -1 0 0 0 0];

internalField   nonuniform List<scalar> 
6552
(
256
256
256
256
256
256
256
256
256
256
256
256
256
256
256
256
256
256
256
256
256
256
256
256
256
256
256
256
256
256
256
256
256
256
256
256
256
256
256
43.6131
43.6131
43.6131
43.6131
43.6131
43.6131
43.6131
43.6131
43.6131
43.6131
43.6131
43.6131
43.6131
43.6131
43.6131
43.6131
43.6131
43.6131
43.6131
43.6131
43.6131
43.6131
43.6131
43.6131
43.6131
43.6131
43.6131
43.6131
43.6131
43.6131
43.6131
43.6131
43.6131
43.6131
43.6131
43.6131
43.6131
43.6131
43.6131
14.5991
14.5991
14.5991
14.5991
14.5991
14.5991
14.5991
14.5991
14.5991
14.5991
14.5991
14.5991
14.5991
14.5991
14.5991
14.5991
14.5991
14.5991
14.5991
14.5991
14.5991
14.5991
14.5991
14.5991
14.5991
14.5991
14.5991
14.5991
14.5991
14.5991
14.5991
14.5991
14.5991
14.5991
14.5991
14.5991
14.5991
14.5991
14.5991
6.91966
6.91967
6.91967
6.91967
6.91967
6.91968
6.91968
6.91968
6.91968
6.91968
6.91968
6.91968
6.91968
6.91968
6.91968
6.91967
6.91967
6.91967
6.91967
6.91967
6.91967
6.91966
6.91966
6.91966
6.91966
6.91966
6.91966
6.91966
6.91966
6.91965
6.91965
6.91965
6.91965
6.91965
6.91965
6.91966
6.91966
6.91966
6.91966
4.05798
4.05799
4.05799
4.05799
4.05799
4.058
4.058
4.058
4.058
4.058
4.058
4.058
4.058
4.058
4.058
4.058
4.05799
4.05799
4.05799
4.05799
4.05799
4.05799
4.05798
4.05798
4.05798
4.05798
4.05798
4.05798
4.05798
4.05797
4.05797
4.05797
4.05797
4.05797
4.05798
4.05798
4.05798
4.05798
4.05798
2.74874
2.74874
2.74874
2.74874
2.74875
2.74875
2.74875
2.74875
2.74875
2.74875
2.74875
2.74875
2.74875
2.74875
2.74875
2.74875
2.74875
2.74875
2.74875
2.74874
2.74874
2.74874
2.74874
2.74874
2.74874
2.74873
2.74873
2.74873
2.74873
2.74873
2.74873
2.74873
2.74873
2.74873
2.74873
2.74873
2.74873
2.74873
2.74874
2.05018
2.05018
2.05018
2.05018
2.05018
2.05018
2.05019
2.05019
2.05019
2.05019
2.05019
2.05019
2.05019
2.05019
2.05019
2.05019
2.05019
2.05019
2.05019
2.05019
2.05018
2.05018
2.05018
2.05018
2.05018
2.05018
2.05018
2.05018
2.05018
2.05017
2.05017
2.05017
2.05017
2.05017
2.05017
2.05017
2.05017
2.05017
2.05018
1.6251
1.6251
1.6251
1.6251
1.6251
1.6251
1.6251
1.6251
1.6251
1.62511
1.62511
1.62511
1.62511
1.62511
1.62511
1.62511
1.62511
1.62511
1.62511
1.62511
1.62511
1.62511
1.62511
1.62511
1.62511
1.62511
1.6251
1.6251
1.6251
1.6251
1.6251
1.6251
1.6251
1.6251
1.6251
1.6251
1.6251
1.6251
1.6251
1.33839
1.33839
1.33839
1.33839
1.33839
1.3384
1.3384
1.3384
1.3384
1.3384
1.3384
1.3384
1.3384
1.3384
1.3384
1.33841
1.33841
1.33841
1.33841
1.33841
1.33841
1.33841
1.33841
1.33841
1.33841
1.33841
1.33841
1.33841
1.33841
1.3384
1.3384
1.3384
1.3384
1.3384
1.3384
1.3384
1.3384
1.3384
1.3384
1.13081
1.13081
1.13081
1.13081
1.13081
1.13081
1.13081
1.13081
1.13081
1.13081
1.13081
1.13081
1.13082
1.13082
1.13082
1.13082
1.13082
1.13082
1.13082
1.13083
1.13083
1.13083
1.13083
1.13083
1.13083
1.13083
1.13083
1.13083
1.13083
1.13083
1.13082
1.13082
1.13082
1.13082
1.13082
1.13082
1.13081
1.13081
1.13081
0.972771
0.97277
0.972769
0.972768
0.972768
0.972767
0.972768
0.972768
0.972769
0.97277
0.972772
0.972773
0.972775
0.972777
0.972779
0.972781
0.972783
0.972785
0.972787
0.972788
0.97279
0.972791
0.972792
0.972793
0.972793
0.972793
0.972792
0.972792
0.972791
0.972789
0.972788
0.972786
0.972784
0.972782
0.97278
0.972778
0.972776
0.972774
0.972773
0.847978
0.847976
0.847975
0.847974
0.847973
0.847973
0.847974
0.847974
0.847975
0.847976
0.847978
0.84798
0.847982
0.847984
0.847986
0.847988
0.847991
0.847993
0.847995
0.847997
0.847999
0.848
0.848001
0.848002
0.848002
0.848002
0.848002
0.848001
0.848
0.847999
0.847997
0.847995
0.847993
0.847991
0.847988
0.847986
0.847984
0.847982
0.84798
0.746953
0.746952
0.74695
0.74695
0.746949
0.746949
0.746949
0.74695
0.746951
0.746952
0.746954
0.746956
0.746958
0.74696
0.746963
0.746965
0.746967
0.74697
0.746972
0.746974
0.746976
0.746977
0.746978
0.746979
0.746979
0.746979
0.746979
0.746978
0.746977
0.746975
0.746974
0.746972
0.746969
0.746967
0.746964
0.746962
0.74696
0.746957
0.746955
0.663712
0.663711
0.66371
0.663709
0.663708
0.663708
0.663709
0.663709
0.66371
0.663712
0.663714
0.663716
0.663718
0.66372
0.663723
0.663725
0.663728
0.66373
0.663732
0.663734
0.663736
0.663737
0.663738
0.663739
0.663739
0.663739
0.663738
0.663737
0.663736
0.663734
0.663733
0.66373
0.663728
0.663726
0.663723
0.663721
0.663718
0.663716
0.663714
0.594199
0.594198
0.594196
0.594196
0.594195
0.594196
0.594196
0.594197
0.594198
0.5942
0.594201
0.594203
0.594205
0.594208
0.59421
0.594212
0.594215
0.594217
0.594219
0.594221
0.594222
0.594223
0.594224
0.594225
0.594225
0.594225
0.594224
0.594223
0.594222
0.59422
0.594218
0.594216
0.594214
0.594211
0.594209
0.594207
0.594205
0.594202
0.594201
0.53551
0.535509
0.535508
0.535508
0.535508
0.535508
0.535508
0.535509
0.53551
0.535512
0.535514
0.535516
0.535518
0.53552
0.535522
0.535524
0.535526
0.535528
0.53553
0.535532
0.535533
0.535534
0.535534
0.535535
0.535535
0.535534
0.535533
0.535532
0.535531
0.535529
0.535528
0.535526
0.535524
0.535521
0.535519
0.535517
0.535515
0.535513
0.535512
0.48549
0.485489
0.485489
0.485489
0.485489
0.485489
0.48549
0.485491
0.485492
0.485493
0.485495
0.485497
0.485499
0.485501
0.485502
0.485504
0.485506
0.485508
0.485509
0.485511
0.485512
0.485512
0.485513
0.485513
0.485513
0.485512
0.485511
0.48551
0.485509
0.485507
0.485506
0.485504
0.485502
0.4855
0.485498
0.485496
0.485494
0.485493
0.485491
0.4425
0.4425
0.4425
0.442499
0.4425
0.4425
0.442501
0.442502
0.442503
0.442504
0.442506
0.442507
0.442509
0.442511
0.442512
0.442514
0.442516
0.442517
0.442518
0.442519
0.44252
0.44252
0.44252
0.44252
0.44252
0.442519
0.442519
0.442518
0.442516
0.442515
0.442513
0.442512
0.44251
0.442508
0.442507
0.442505
0.442504
0.442502
0.442501
0.405271
0.405271
0.40527
0.405271
0.405271
0.405271
0.405272
0.405273
0.405274
0.405275
0.405277
0.405278
0.40528
0.405281
0.405282
0.405284
0.405285
0.405286
0.405287
0.405287
0.405288
0.405288
0.405288
0.405288
0.405288
0.405287
0.405286
0.405285
0.405284
0.405283
0.405281
0.40528
0.405278
0.405277
0.405276
0.405274
0.405273
0.405272
0.405272
0.372804
0.372804
0.372804
0.372804
0.372805
0.372805
0.372806
0.372807
0.372808
0.372809
0.37281
0.372811
0.372812
0.372813
0.372815
0.372816
0.372816
0.372817
0.372818
0.372818
0.372819
0.372819
0.372819
0.372818
0.372818
0.372817
0.372816
0.372815
0.372814
0.372813
0.372812
0.372811
0.37281
0.372808
0.372807
0.372806
0.372806
0.372805
0.372804
0.344307
0.344307
0.344307
0.344307
0.344308
0.344308
0.344309
0.34431
0.344311
0.344312
0.344313
0.344314
0.344315
0.344315
0.344316
0.344317
0.344318
0.344318
0.344319
0.344319
0.344319
0.344319
0.344319
0.344318
0.344318
0.344317
0.344316
0.344316
0.344315
0.344314
0.344313
0.344312
0.344311
0.34431
0.344309
0.344309
0.344308
0.344307
0.344307
0.319143
0.319144
0.319144
0.319144
0.319144
0.319145
0.319146
0.319146
0.319147
0.319148
0.319149
0.319149
0.31915
0.319151
0.319151
0.319152
0.319152
0.319153
0.319153
0.319153
0.319153
0.319153
0.319153
0.319152
0.319152
0.319151
0.319151
0.31915
0.319149
0.319148
0.319147
0.319147
0.319146
0.319145
0.319145
0.319144
0.319144
0.319144
0.319143
0.296798
0.296798
0.296799
0.296799
0.296799
0.2968
0.2968
0.296801
0.296802
0.296802
0.296803
0.296803
0.296804
0.296804
0.296805
0.296805
0.296805
0.296806
0.296806
0.296806
0.296806
0.296805
0.296805
0.296805
0.296804
0.296804
0.296803
0.296803
0.296802
0.296801
0.296801
0.2968
0.2968
0.296799
0.296799
0.296799
0.296798
0.296798
0.296798
0.276852
0.276852
0.276852
0.276853
0.276853
0.276853
0.276854
0.276854
0.276855
0.276855
0.276856
0.276856
0.276857
0.276857
0.276857
0.276857
0.276858
0.276858
0.276858
0.276858
0.276858
0.276857
0.276857
0.276857
0.276856
0.276856
0.276855
0.276855
0.276854
0.276854
0.276854
0.276853
0.276853
0.276852
0.276852
0.276852
0.276852
0.276852
0.276852
0.258962
0.258962
0.258963
0.258963
0.258963
0.258964
0.258964
0.258964
0.258965
0.258965
0.258965
0.258966
0.258966
0.258966
0.258966
0.258966
0.258967
0.258967
0.258966
0.258966
0.258966
0.258966
0.258966
0.258965
0.258965
0.258965
0.258964
0.258964
0.258964
0.258963
0.258963
0.258963
0.258962
0.258962
0.258962
0.258962
0.258962
0.258962
0.258962
0.242841
0.242841
0.242841
0.242842
0.242842
0.242842
0.242842
0.242843
0.242843
0.242843
0.242843
0.242844
0.242844
0.242844
0.242844
0.242844
0.242844
0.242844
0.242844
0.242844
0.242844
0.242844
0.242843
0.242843
0.242843
0.242843
0.242842
0.242842
0.242842
0.242842
0.242841
0.242841
0.242841
0.242841
0.242841
0.242841
0.242841
0.242841
0.242841
0.228247
0.228247
0.228247
0.228247
0.228247
0.228247
0.228248
0.228248
0.228248
0.228248
0.228248
0.228249
0.228249
0.228249
0.228249
0.228249
0.228249
0.228249
0.228249
0.228249
0.228248
0.228248
0.228248
0.228248
0.228248
0.228247
0.228247
0.228247
0.228247
0.228247
0.228247
0.228246
0.228246
0.228246
0.228246
0.228246
0.228246
0.228246
0.228246
0.21498
0.21498
0.214981
0.214981
0.214981
0.214981
0.214981
0.214981
0.214981
0.214982
0.214982
0.214982
0.214982
0.214982
0.214982
0.214982
0.214982
0.214982
0.214982
0.214982
0.214981
0.214981
0.214981
0.214981
0.214981
0.214981
0.214981
0.21498
0.21498
0.21498
0.21498
0.21498
0.21498
0.21498
0.21498
0.21498
0.21498
0.21498
0.21498
0.202874
0.202875
0.202875
0.202875
0.202875
0.202875
0.202875
0.202875
0.202875
0.202875
0.202875
0.202875
0.202875
0.202875
0.202875
0.202875
0.202875
0.202875
0.202875
0.202875
0.202875
0.202875
0.202875
0.202875
0.202875
0.202875
0.202874
0.202874
0.202874
0.202874
0.202874
0.202874
0.202874
0.202874
0.202874
0.202874
0.202874
0.202874
0.202874
0.191787
0.191787
0.191787
0.191787
0.191787
0.191787
0.191787
0.191787
0.191787
0.191787
0.191787
0.191787
0.191787
0.191787
0.191787
0.191787
0.191787
0.191787
0.191787
0.191787
0.191787
0.191787
0.191787
0.191787
0.191787
0.191787
0.191787
0.191787
0.191786
0.191786
0.191786
0.191786
0.191786
0.191786
0.191786
0.191786
0.191787
0.191787
0.191787
0.181596
0.181596
0.181596
0.181596
0.181596
0.181596
0.181596
0.181596
0.181596
0.181596
0.181596
0.181596
0.181596
0.181596
0.181596
0.181596
0.181596
0.181596
0.181596
0.181596
0.181596
0.181596
0.181596
0.181596
0.181596
0.181596
0.181596
0.181596
0.181595
0.181595
0.181595
0.181595
0.181595
0.181595
0.181595
0.181596
0.181596
0.181596
0.181596
0.172198
0.172198
0.172198
0.172198
0.172198
0.172198
0.172198
0.172198
0.172198
0.172198
0.172198
0.172198
0.172198
0.172198
0.172198
0.172198
0.172198
0.172198
0.172198
0.172198
0.172198
0.172198
0.172198
0.172198
0.172197
0.172197
0.172197
0.172197
0.172197
0.172197
0.172197
0.172197
0.172197
0.172197
0.172197
0.172197
0.172197
0.172198
0.172198
0.163503
0.163503
0.163503
0.163503
0.163503
0.163503
0.163503
0.163503
0.163503
0.163503
0.163503
0.163503
0.163503
0.163503
0.163503
0.163503
0.163503
0.163503
0.163503
0.163503
0.163503
0.163503
0.163503
0.163503
0.163503
0.163503
0.163503
0.163503
0.163503
0.163503
0.163503
0.163503
0.163503
0.163503
0.163503
0.163503
0.163503
0.163503
0.163503
0.155434
0.155434
0.155434
0.155434
0.155434
0.155434
0.155434
0.155434
0.155434
0.155434
0.155434
0.155434
0.155434
0.155434
0.155434
0.155434
0.155434
0.155434
0.155434
0.155434
0.155434
0.155434
0.155434
0.155434
0.155434
0.155434
0.155434
0.155434
0.155434
0.155434
0.155434
0.155434
0.155434
0.155434
0.155434
0.155434
0.155434
0.155434
0.155434
0.147924
0.147924
0.147924
0.147924
0.147924
0.147924
0.147924
0.147924
0.147924
0.147924
0.147924
0.147924
0.147924
0.147924
0.147924
0.147924
0.147924
0.147924
0.147924
0.147924
0.147924
0.147924
0.147924
0.147924
0.147924
0.147924
0.147924
0.147924
0.147924
0.147924
0.147924
0.147924
0.147924
0.147924
0.147924
0.147924
0.147924
0.147924
0.147924
0.140914
0.140914
0.140914
0.140914
0.140914
0.140914
0.140914
0.140914
0.140914
0.140914
0.140914
0.140914
0.140914
0.140914
0.140914
0.140914
0.140914
0.140914
0.140914
0.140914
0.140914
0.140914
0.140914
0.140914
0.140914
0.140914
0.140914
0.140914
0.140914
0.140914
0.140914
0.140914
0.140914
0.140914
0.140914
0.140914
0.140914
0.140914
0.140914
0.134354
0.134354
0.134354
0.134354
0.134354
0.134354
0.134354
0.134354
0.134354
0.134354
0.134354
0.134354
0.134354
0.134354
0.134354
0.134354
0.134354
0.134354
0.134354
0.134354
0.134354
0.134354
0.134354
0.134354
0.134354
0.134354
0.134354
0.134354
0.134354
0.134354
0.134354
0.134354
0.134354
0.134354
0.134354
0.134354
0.134354
0.134354
0.134354
0.128199
0.128199
0.128199
0.128199
0.128199
0.128199
0.128199
0.128199
0.128199
0.128199
0.128199
0.128199
0.128199
0.128199
0.128199
0.128199
0.128199
0.128199
0.128199
0.128199
0.128199
0.128199
0.128198
0.128198
0.128198
0.128198
0.128198
0.128198
0.128198
0.128198
0.128198
0.128198
0.128198
0.128198
0.128198
0.128198
0.128198
0.128198
0.128199
0.12241
0.12241
0.12241
0.12241
0.12241
0.12241
0.12241
0.12241
0.12241
0.12241
0.12241
0.12241
0.12241
0.12241
0.12241
0.12241
0.12241
0.12241
0.12241
0.12241
0.12241
0.12241
0.12241
0.12241
0.12241
0.12241
0.12241
0.12241
0.12241
0.12241
0.12241
0.12241
0.12241
0.12241
0.12241
0.12241
0.12241
0.12241
0.12241
0.116955
0.116955
0.116955
0.116955
0.116955
0.116955
0.116955
0.116955
0.116955
0.116955
0.116955
0.116955
0.116955
0.116955
0.116955
0.116955
0.116955
0.116955
0.116955
0.116955
0.116955
0.116955
0.116955
0.116955
0.116955
0.116955
0.116955
0.116955
0.116955
0.116955
0.116955
0.116955
0.116955
0.116955
0.116955
0.116955
0.116955
0.116955
0.116955
0.111806
0.111806
0.111806
0.111806
0.111806
0.111806
0.111806
0.111806
0.111806
0.111806
0.111806
0.111806
0.111806
0.111806
0.111806
0.111806
0.111806
0.111806
0.111806
0.111806
0.111806
0.111806
0.111806
0.111806
0.111806
0.111806
0.111805
0.111805
0.111805
0.111805
0.111805
0.111805
0.111805
0.111805
0.111805
0.111805
0.111805
0.111806
0.111806
0.106939
0.106939
0.106939
0.106939
0.106939
0.106939
0.106939
0.106939
0.106939
0.106939
0.106939
0.106939
0.106939
0.106939
0.106939
0.106939
0.106939
0.106939
0.106939
0.106939
0.106939
0.106939
0.106939
0.106939
0.106939
0.106939
0.106939
0.106939
0.106939
0.106939
0.106939
0.106939
0.106939
0.106939
0.106939
0.106939
0.106939
0.106939
0.106939
0.102337
0.102337
0.102337
0.102337
0.102337
0.102337
0.102337
0.102337
0.102337
0.102337
0.102337
0.102337
0.102337
0.102337
0.102337
0.102337
0.102337
0.102337
0.102337
0.102337
0.102337
0.102337
0.102337
0.102337
0.102337
0.102337
0.102337
0.102337
0.102337
0.102337
0.102337
0.102337
0.102337
0.102337
0.102337
0.102337
0.102337
0.102337
0.102337
0.0979858
0.0979858
0.0979858
0.0979858
0.0979858
0.0979858
0.0979858
0.0979858
0.0979858
0.0979859
0.0979859
0.0979859
0.0979859
0.0979859
0.0979859
0.0979859
0.0979859
0.0979858
0.0979858
0.0979858
0.0979858
0.0979858
0.0979858
0.0979858
0.0979858
0.0979858
0.0979858
0.0979858
0.0979857
0.0979857
0.0979857
0.0979857
0.0979857
0.0979857
0.0979857
0.0979857
0.0979857
0.0979858
0.0979858
0.0938733
0.0938733
0.0938733
0.0938733
0.0938734
0.0938734
0.0938734
0.0938734
0.0938734
0.0938734
0.0938734
0.0938734
0.0938734
0.0938734
0.0938734
0.0938734
0.0938734
0.0938734
0.0938734
0.0938734
0.0938734
0.0938734
0.0938734
0.0938734
0.0938734
0.0938734
0.0938734
0.0938733
0.0938733
0.0938733
0.0938733
0.0938733
0.0938733
0.0938733
0.0938733
0.0938733
0.0938733
0.0938733
0.0938733
0.0899896
0.0899896
0.0899896
0.0899896
0.0899896
0.0899896
0.0899896
0.0899896
0.0899896
0.0899896
0.0899896
0.0899896
0.0899896
0.0899896
0.0899896
0.0899897
0.0899897
0.0899897
0.0899897
0.0899897
0.0899897
0.0899897
0.0899897
0.0899897
0.0899897
0.0899897
0.0899897
0.0899896
0.0899896
0.0899896
0.0899896
0.0899896
0.0899896
0.0899896
0.0899896
0.0899896
0.0899896
0.0899896
0.0899896
0.0863214
0.0863214
0.0863214
0.0863214
0.0863214
0.0863214
0.0863214
0.0863214
0.0863214
0.0863214
0.0863214
0.0863214
0.0863214
0.0863214
0.0863214
0.0863214
0.0863214
0.0863214
0.0863215
0.0863215
0.0863215
0.0863215
0.0863215
0.0863215
0.0863215
0.0863215
0.0863215
0.0863215
0.0863215
0.0863215
0.0863214
0.0863214
0.0863214
0.0863214
0.0863214
0.0863214
0.0863214
0.0863214
0.0863214
0.0828468
0.0828468
0.0828468
0.0828468
0.0828468
0.0828468
0.0828468
0.0828468
0.0828468
0.0828468
0.0828468
0.0828468
0.0828469
0.0828469
0.0828469
0.0828469
0.0828469
0.0828469
0.0828469
0.0828469
0.0828469
0.0828469
0.0828469
0.0828469
0.0828469
0.0828469
0.0828469
0.0828469
0.0828469
0.0828469
0.0828469
0.0828469
0.0828469
0.0828469
0.0828469
0.0828469
0.0828469
0.0828469
0.0828469
0.0795442
0.0795442
0.0795442
0.0795441
0.0795441
0.0795441
0.0795441
0.0795441
0.0795441
0.0795441
0.0795441
0.0795441
0.0795441
0.0795441
0.0795442
0.0795442
0.0795442
0.0795442
0.0795442
0.0795442
0.0795442
0.0795442
0.0795442
0.0795442
0.0795442
0.0795442
0.0795442
0.0795442
0.0795442
0.0795442
0.0795442
0.0795442
0.0795442
0.0795442
0.0795442
0.0795442
0.0795442
0.0795442
0.0795442
0.0763995
0.0763995
0.0763995
0.0763995
0.0763995
0.0763995
0.0763995
0.0763995
0.0763995
0.0763995
0.0763995
0.0763995
0.0763995
0.0763995
0.0763995
0.0763995
0.0763995
0.0763995
0.0763995
0.0763995
0.0763995
0.0763995
0.0763995
0.0763995
0.0763995
0.0763995
0.0763995
0.0763995
0.0763995
0.0763995
0.0763995
0.0763995
0.0763995
0.0763995
0.0763995
0.0763995
0.0763995
0.0763995
0.0763995
0.0734023
0.0734023
0.0734022
0.0734022
0.0734022
0.0734022
0.0734022
0.0734022
0.0734022
0.0734022
0.0734022
0.0734022
0.0734022
0.0734022
0.0734022
0.0734022
0.0734022
0.0734022
0.0734022
0.0734022
0.0734022
0.0734022
0.0734022
0.0734023
0.0734023
0.0734023
0.0734023
0.0734023
0.0734023
0.0734023
0.0734023
0.0734023
0.0734023
0.0734023
0.0734023
0.0734023
0.0734023
0.0734023
0.0734023
0.0705428
0.0705428
0.0705428
0.0705428
0.0705428
0.0705428
0.0705428
0.0705428
0.0705428
0.0705428
0.0705428
0.0705428
0.0705428
0.0705428
0.0705428
0.0705428
0.0705428
0.0705428
0.0705428
0.0705428
0.0705428
0.0705428
0.0705428
0.0705428
0.0705428
0.0705428
0.0705428
0.0705428
0.0705428
0.0705428
0.0705428
0.0705428
0.0705428
0.0705428
0.0705428
0.0705428
0.0705428
0.0705428
0.0705428
0.0678126
0.0678126
0.0678126
0.0678126
0.0678126
0.0678126
0.0678126
0.0678126
0.0678126
0.0678126
0.0678126
0.0678126
0.0678126
0.0678126
0.0678126
0.0678126
0.0678126
0.0678126
0.0678126
0.0678126
0.0678126
0.0678126
0.0678126
0.0678126
0.0678126
0.0678126
0.0678126
0.0678126
0.0678126
0.0678126
0.0678126
0.0678126
0.0678126
0.0678126
0.0678126
0.0678126
0.0678126
0.0678126
0.0678126
0.0652039
0.0652039
0.0652039
0.0652039
0.0652039
0.0652039
0.0652039
0.0652039
0.0652039
0.0652039
0.0652039
0.0652039
0.0652039
0.0652039
0.0652039
0.0652039
0.0652039
0.0652039
0.0652039
0.0652039
0.0652039
0.0652039
0.0652039
0.0652039
0.0652039
0.0652039
0.0652039
0.0652039
0.0652039
0.0652039
0.0652039
0.0652039
0.0652039
0.0652039
0.0652039
0.0652039
0.0652039
0.0652039
0.0652039
0.06271
0.06271
0.06271
0.06271
0.06271
0.06271
0.06271
0.06271
0.06271
0.06271
0.06271
0.06271
0.06271
0.06271
0.06271
0.06271
0.06271
0.06271
0.06271
0.06271
0.06271
0.06271
0.06271
0.06271
0.06271
0.06271
0.06271
0.06271
0.06271
0.06271
0.06271
0.06271
0.06271
0.06271
0.06271
0.06271
0.06271
0.06271
0.06271
0.0603248
0.0603248
0.0603248
0.0603248
0.0603248
0.0603248
0.0603248
0.0603248
0.0603248
0.0603248
0.0603248
0.0603248
0.0603248
0.0603248
0.0603248
0.0603248
0.0603248
0.0603248
0.0603248
0.0603248
0.0603248
0.0603248
0.0603248
0.0603248
0.0603248
0.0603248
0.0603248
0.0603248
0.0603248
0.0603248
0.0603248
0.0603248
0.0603248
0.0603247
0.0603247
0.0603247
0.0603247
0.0603248
0.0603248
0.0580426
0.0580426
0.0580426
0.0580426
0.0580426
0.0580426
0.0580426
0.0580426
0.0580426
0.0580426
0.0580427
0.0580427
0.0580427
0.0580427
0.0580427
0.0580427
0.0580427
0.0580427
0.0580427
0.0580427
0.0580427
0.0580427
0.0580427
0.0580427
0.0580426
0.0580426
0.0580426
0.0580426
0.0580426
0.0580426
0.0580426
0.0580426
0.0580426
0.0580426
0.0580426
0.0580426
0.0580426
0.0580426
0.0580426
0.0558589
0.0558589
0.0558589
0.0558589
0.0558589
0.0558589
0.0558589
0.0558589
0.0558589
0.0558589
0.0558589
0.0558589
0.0558589
0.0558589
0.0558589
0.0558589
0.0558589
0.0558589
0.0558589
0.0558589
0.0558589
0.0558589
0.0558589
0.0558589
0.0558589
0.0558589
0.0558589
0.0558589
0.0558589
0.0558589
0.0558589
0.0558589
0.0558589
0.0558589
0.0558589
0.0558589
0.0558589
0.0558589
0.0558589
0.0537692
0.0537692
0.0537692
0.0537692
0.0537692
0.0537692
0.0537692
0.0537692
0.0537692
0.0537692
0.0537692
0.0537692
0.0537692
0.0537692
0.0537692
0.0537692
0.0537692
0.0537692
0.0537692
0.0537692
0.0537692
0.0537692
0.0537692
0.0537692
0.0537692
0.0537692
0.0537692
0.0537692
0.0537692
0.0537692
0.0537692
0.0537692
0.0537692
0.0537692
0.0537692
0.0537692
0.0537692
0.0537692
0.0537692
0.0517698
0.0517698
0.0517698
0.0517698
0.0517698
0.0517698
0.0517698
0.0517698
0.0517698
0.0517698
0.0517699
0.0517699
0.0517699
0.0517699
0.0517699
0.0517699
0.0517699
0.0517699
0.0517699
0.0517699
0.0517699
0.0517699
0.0517699
0.0517699
0.0517699
0.0517699
0.0517699
0.0517699
0.0517699
0.0517698
0.0517698
0.0517698
0.0517698
0.0517698
0.0517698
0.0517698
0.0517698
0.0517698
0.0517698
0.0498576
0.0498576
0.0498576
0.0498576
0.0498576
0.0498576
0.0498576
0.0498576
0.0498576
0.0498576
0.0498576
0.0498576
0.0498576
0.0498576
0.0498576
0.0498576
0.0498576
0.0498576
0.0498576
0.0498576
0.0498576
0.0498576
0.0498576
0.0498576
0.0498576
0.0498576
0.0498576
0.0498576
0.0498576
0.0498576
0.0498576
0.0498576
0.0498576
0.0498576
0.0498576
0.0498576
0.0498576
0.0498576
0.0498576
0.0480297
0.0480297
0.0480297
0.0480297
0.0480297
0.0480297
0.0480297
0.0480297
0.0480297
0.0480297
0.0480297
0.0480297
0.0480297
0.0480297
0.0480297
0.0480297
0.0480297
0.0480297
0.0480297
0.0480297
0.0480297
0.0480297
0.0480297
0.0480297
0.0480297
0.0480297
0.0480297
0.0480297
0.0480297
0.0480297
0.0480297
0.0480297
0.0480297
0.0480297
0.0480297
0.0480297
0.0480297
0.0480297
0.0480297
0.0462837
0.0462837
0.0462837
0.0462837
0.0462837
0.0462837
0.0462837
0.0462837
0.0462837
0.0462837
0.0462837
0.0462837
0.0462837
0.0462837
0.0462837
0.0462837
0.0462837
0.0462837
0.0462837
0.0462837
0.0462837
0.0462837
0.0462837
0.0462837
0.0462837
0.0462837
0.0462837
0.0462837
0.0462837
0.0462837
0.0462837
0.0462837
0.0462837
0.0462837
0.0462837
0.0462837
0.0462837
0.0462837
0.0462837
0.0446177
0.0446177
0.0446177
0.0446177
0.0446177
0.0446177
0.0446177
0.0446177
0.0446177
0.0446177
0.0446177
0.0446177
0.0446177
0.0446177
0.0446177
0.0446177
0.0446177
0.0446177
0.0446177
0.0446177
0.0446177
0.0446177
0.0446177
0.0446177
0.0446177
0.0446177
0.0446177
0.0446177
0.0446177
0.0446177
0.0446177
0.0446177
0.0446177
0.0446177
0.0446177
0.0446177
0.0446177
0.0446177
0.0446177
0.04303
0.04303
0.04303
0.04303
0.04303
0.04303
0.04303
0.04303
0.04303
0.04303
0.04303
0.04303
0.04303
0.04303
0.04303
0.04303
0.04303
0.04303
0.04303
0.04303
0.04303
0.04303
0.04303
0.04303
0.04303
0.04303
0.04303
0.04303
0.04303
0.04303
0.04303
0.04303
0.04303
0.04303
0.04303
0.04303
0.04303
0.04303
0.04303
0.041519
0.041519
0.041519
0.041519
0.041519
0.041519
0.041519
0.041519
0.041519
0.041519
0.041519
0.041519
0.041519
0.041519
0.041519
0.041519
0.041519
0.041519
0.041519
0.041519
0.041519
0.041519
0.041519
0.041519
0.041519
0.041519
0.041519
0.041519
0.041519
0.041519
0.041519
0.041519
0.041519
0.041519
0.041519
0.041519
0.041519
0.041519
0.041519
0.0400834
0.0400834
0.0400834
0.0400834
0.0400834
0.0400834
0.0400834
0.0400834
0.0400834
0.0400834
0.0400834
0.0400834
0.0400834
0.0400834
0.0400834
0.0400834
0.0400834
0.0400834
0.0400834
0.0400834
0.0400834
0.0400834
0.0400834
0.0400834
0.0400834
0.0400834
0.0400834
0.0400834
0.0400834
0.0400834
0.0400834
0.0400834
0.0400834
0.0400834
0.0400834
0.0400834
0.0400834
0.0400834
0.0400834
0.0387221
0.0387221
0.0387221
0.0387221
0.0387221
0.0387221
0.0387221
0.0387221
0.0387221
0.0387221
0.0387221
0.0387221
0.0387221
0.0387221
0.0387221
0.0387221
0.0387221
0.0387221
0.0387221
0.0387221
0.0387221
0.0387221
0.0387221
0.0387221
0.0387221
0.0387221
0.0387221
0.0387221
0.0387221
0.0387221
0.0387221
0.0387221
0.0387221
0.0387221
0.0387221
0.0387221
0.0387221
0.0387221
0.0387221
0.0374344
0.0374344
0.0374344
0.0374344
0.0374344
0.0374344
0.0374344
0.0374344
0.0374344
0.0374344
0.0374344
0.0374344
0.0374344
0.0374344
0.0374344
0.0374344
0.0374344
0.0374344
0.0374344
0.0374344
0.0374344
0.0374344
0.0374344
0.0374344
0.0374344
0.0374344
0.0374344
0.0374344
0.0374344
0.0374344
0.0374344
0.0374344
0.0374344
0.0374344
0.0374344
0.0374344
0.0374344
0.0374344
0.0374344
0.03622
0.03622
0.03622
0.03622
0.03622
0.03622
0.03622
0.03622
0.03622
0.03622
0.03622
0.03622
0.03622
0.03622
0.03622
0.03622
0.03622
0.03622
0.03622
0.03622
0.03622
0.03622
0.03622
0.03622
0.03622
0.03622
0.03622
0.03622
0.03622
0.03622
0.03622
0.03622
0.03622
0.03622
0.03622
0.03622
0.03622
0.03622
0.03622
0.035079
0.035079
0.035079
0.035079
0.035079
0.035079
0.035079
0.035079
0.035079
0.035079
0.035079
0.035079
0.035079
0.035079
0.035079
0.035079
0.035079
0.035079
0.035079
0.035079
0.035079
0.035079
0.035079
0.035079
0.035079
0.035079
0.035079
0.035079
0.035079
0.035079
0.035079
0.035079
0.035079
0.035079
0.035079
0.035079
0.035079
0.035079
0.035079
0.0340118
0.0340118
0.0340118
0.0340118
0.0340118
0.0340118
0.0340118
0.0340118
0.0340118
0.0340118
0.0340118
0.0340118
0.0340118
0.0340118
0.0340118
0.0340118
0.0340118
0.0340118
0.0340118
0.0340118
0.0340118
0.0340118
0.0340118
0.0340118
0.0340118
0.0340118
0.0340118
0.0340118
0.0340118
0.0340118
0.0340118
0.0340118
0.0340118
0.0340118
0.0340118
0.0340118
0.0340118
0.0340118
0.0340118
0.0330188
0.0330188
0.0330188
0.0330188
0.0330188
0.0330188
0.0330188
0.0330188
0.0330188
0.0330188
0.0330188
0.0330188
0.0330188
0.0330188
0.0330188
0.0330188
0.0330188
0.0330188
0.0330188
0.0330188
0.0330188
0.0330188
0.0330188
0.0330188
0.0330188
0.0330188
0.0330188
0.0330188
0.0330188
0.0330188
0.0330188
0.0330188
0.0330188
0.0330188
0.0330188
0.0330188
0.0330188
0.0330188
0.0330188
0.0321006
0.0321006
0.0321006
0.0321006
0.0321006
0.0321006
0.0321006
0.0321006
0.0321006
0.0321006
0.0321006
0.0321006
0.0321006
0.0321006
0.0321006
0.0321006
0.0321006
0.0321006
0.0321006
0.0321006
0.0321006
0.0321006
0.0321006
0.0321006
0.0321006
0.0321006
0.0321006
0.0321006
0.0321006
0.0321006
0.0321006
0.0321006
0.0321006
0.0321006
0.0321006
0.0321006
0.0321006
0.0321006
0.0321006
0.031258
0.031258
0.031258
0.031258
0.031258
0.031258
0.031258
0.031258
0.031258
0.031258
0.031258
0.031258
0.031258
0.031258
0.031258
0.031258
0.031258
0.031258
0.031258
0.031258
0.031258
0.031258
0.031258
0.031258
0.031258
0.031258
0.031258
0.031258
0.031258
0.031258
0.031258
0.031258
0.031258
0.031258
0.031258
0.031258
0.031258
0.031258
0.031258
0.0304918
0.0304918
0.0304918
0.0304918
0.0304918
0.0304918
0.0304918
0.0304918
0.0304918
0.0304918
0.0304918
0.0304918
0.0304918
0.0304918
0.0304918
0.0304918
0.0304918
0.0304918
0.0304918
0.0304918
0.0304918
0.0304918
0.0304918
0.0304918
0.0304918
0.0304918
0.0304918
0.0304918
0.0304918
0.0304918
0.0304918
0.0304918
0.0304918
0.0304918
0.0304918
0.0304918
0.0304918
0.0304918
0.0304918
0.0298033
0.0298033
0.0298033
0.0298033
0.0298033
0.0298033
0.0298033
0.0298033
0.0298033
0.0298033
0.0298033
0.0298033
0.0298033
0.0298033
0.0298033
0.0298033
0.0298033
0.0298033
0.0298033
0.0298033
0.0298033
0.0298033
0.0298033
0.0298033
0.0298033
0.0298033
0.0298033
0.0298033
0.0298033
0.0298033
0.0298033
0.0298033
0.0298033
0.0298033
0.0298033
0.0298033
0.0298033
0.0298033
0.0298033
0.0291938
0.0291938
0.0291938
0.0291938
0.0291938
0.0291938
0.0291938
0.0291938
0.0291938
0.0291938
0.0291938
0.0291938
0.0291938
0.0291938
0.0291938
0.0291938
0.0291938
0.0291938
0.0291938
0.0291938
0.0291938
0.0291938
0.0291938
0.0291938
0.0291938
0.0291938
0.0291938
0.0291938
0.0291938
0.0291938
0.0291938
0.0291938
0.0291938
0.0291938
0.0291938
0.0291938
0.0291938
0.0291938
0.0291938
0.0286648
0.0286648
0.0286648
0.0286648
0.0286648
0.0286648
0.0286648
0.0286648
0.0286648
0.0286648
0.0286648
0.0286648
0.0286648
0.0286648
0.0286648
0.0286648
0.0286648
0.0286648
0.0286648
0.0286648
0.0286648
0.0286648
0.0286648
0.0286648
0.0286648
0.0286648
0.0286648
0.0286648
0.0286648
0.0286648
0.0286648
0.0286648
0.0286648
0.0286648
0.0286648
0.0286648
0.0286648
0.0286648
0.0286648
0.028218
0.028218
0.028218
0.028218
0.028218
0.028218
0.028218
0.028218
0.028218
0.028218
0.028218
0.028218
0.028218
0.028218
0.028218
0.028218
0.028218
0.028218
0.028218
0.028218
0.028218
0.028218
0.028218
0.028218
0.028218
0.028218
0.028218
0.028218
0.028218
0.028218
0.028218
0.028218
0.028218
0.028218
0.028218
0.028218
0.028218
0.028218
0.028218
0.0278556
0.0278556
0.0278556
0.0278556
0.0278556
0.0278556
0.0278556
0.0278556
0.0278556
0.0278556
0.0278556
0.0278556
0.0278556
0.0278556
0.0278556
0.0278556
0.0278556
0.0278556
0.0278556
0.0278556
0.0278556
0.0278556
0.0278556
0.0278556
0.0278556
0.0278556
0.0278556
0.0278556
0.0278556
0.0278556
0.0278556
0.0278556
0.0278556
0.0278556
0.0278556
0.0278556
0.0278556
0.0278556
0.0278556
0.0275796
0.0275796
0.0275796
0.0275796
0.0275796
0.0275796
0.0275796
0.0275796
0.0275796
0.0275796
0.0275796
0.0275796
0.0275796
0.0275796
0.0275796
0.0275796
0.0275796
0.0275796
0.0275796
0.0275796
0.0275796
0.0275796
0.0275796
0.0275796
0.0275796
0.0275796
0.0275796
0.0275796
0.0275796
0.0275796
0.0275796
0.0275796
0.0275796
0.0275796
0.0275796
0.0275796
0.0275796
0.0275796
0.0275796
0.0273927
0.0273927
0.0273927
0.0273927
0.0273927
0.0273927
0.0273927
0.0273927
0.0273927
0.0273927
0.0273927
0.0273927
0.0273927
0.0273927
0.0273927
0.0273927
0.0273927
0.0273927
0.0273927
0.0273927
0.0273927
0.0273927
0.0273927
0.0273927
0.0273927
0.0273927
0.0273927
0.0273927
0.0273927
0.0273927
0.0273927
0.0273927
0.0273927
0.0273927
0.0273927
0.0273927
0.0273927
0.0273927
0.0273927
0.0272975
0.0272975
0.0272975
0.0272975
0.0272975
0.0272975
0.0272975
0.0272975
0.0272975
0.0272975
0.0272975
0.0272975
0.0272975
0.0272975
0.0272975
0.0272975
0.0272975
0.0272975
0.0272975
0.0272975
0.0272975
0.0272975
0.0272975
0.0272975
0.0272975
0.0272975
0.0272975
0.0272975
0.0272975
0.0272975
0.0272975
0.0272975
0.0272975
0.0272975
0.0272975
0.0272975
0.0272975
0.0272975
0.0272975
0.0272975
0.0272975
0.0272975
0.0272975
0.0272975
0.0272975
0.0272975
0.0272975
0.0272975
0.0272975
0.0272975
0.0272975
0.0272975
0.0272975
0.0272975
0.0272975
0.0272975
0.0272975
0.0272975
0.0272975
0.0272975
0.0272975
0.0272975
0.0272975
0.0272975
0.0272975
0.0272975
0.0272975
0.0272975
0.0272975
0.0272975
0.0272975
0.0272975
0.0272975
0.0272975
0.0272975
0.0272975
0.0272975
0.0272975
0.0273927
0.0273927
0.0273927
0.0273927
0.0273927
0.0273927
0.0273927
0.0273927
0.0273927
0.0273927
0.0273927
0.0273927
0.0273927
0.0273927
0.0273927
0.0273927
0.0273927
0.0273927
0.0273927
0.0273927
0.0273927
0.0273927
0.0273927
0.0273927
0.0273927
0.0273927
0.0273927
0.0273927
0.0273927
0.0273927
0.0273927
0.0273927
0.0273927
0.0273927
0.0273927
0.0273927
0.0273927
0.0273927
0.0273927
0.0275796
0.0275796
0.0275796
0.0275796
0.0275796
0.0275796
0.0275796
0.0275796
0.0275796
0.0275796
0.0275796
0.0275796
0.0275796
0.0275796
0.0275796
0.0275796
0.0275796
0.0275796
0.0275796
0.0275796
0.0275796
0.0275796
0.0275796
0.0275796
0.0275796
0.0275796
0.0275796
0.0275796
0.0275796
0.0275796
0.0275796
0.0275796
0.0275796
0.0275796
0.0275796
0.0275796
0.0275796
0.0275796
0.0275796
0.0278556
0.0278556
0.0278556
0.0278556
0.0278556
0.0278556
0.0278556
0.0278556
0.0278556
0.0278556
0.0278556
0.0278556
0.0278556
0.0278556
0.0278556
0.0278556
0.0278556
0.0278556
0.0278556
0.0278556
0.0278556
0.0278556
0.0278556
0.0278556
0.0278556
0.0278556
0.0278556
0.0278556
0.0278556
0.0278556
0.0278556
0.0278556
0.0278556
0.0278556
0.0278556
0.0278556
0.0278556
0.0278556
0.0278556
0.028218
0.028218
0.028218
0.028218
0.028218
0.028218
0.028218
0.028218
0.028218
0.028218
0.028218
0.028218
0.028218
0.028218
0.028218
0.028218
0.028218
0.028218
0.028218
0.028218
0.028218
0.028218
0.028218
0.028218
0.028218
0.028218
0.028218
0.028218
0.028218
0.028218
0.028218
0.028218
0.028218
0.028218
0.028218
0.028218
0.028218
0.028218
0.028218
0.0286648
0.0286648
0.0286648
0.0286648
0.0286648
0.0286648
0.0286648
0.0286648
0.0286648
0.0286648
0.0286648
0.0286648
0.0286648
0.0286648
0.0286648
0.0286648
0.0286648
0.0286648
0.0286648
0.0286648
0.0286648
0.0286648
0.0286648
0.0286648
0.0286648
0.0286648
0.0286648
0.0286648
0.0286648
0.0286648
0.0286648
0.0286648
0.0286648
0.0286648
0.0286648
0.0286648
0.0286648
0.0286648
0.0286648
0.0291938
0.0291938
0.0291938
0.0291938
0.0291938
0.0291938
0.0291938
0.0291938
0.0291938
0.0291938
0.0291938
0.0291938
0.0291938
0.0291938
0.0291938
0.0291938
0.0291938
0.0291938
0.0291938
0.0291938
0.0291938
0.0291938
0.0291938
0.0291938
0.0291938
0.0291938
0.0291938
0.0291938
0.0291938
0.0291938
0.0291938
0.0291938
0.0291938
0.0291938
0.0291938
0.0291938
0.0291938
0.0291938
0.0291938
0.0298033
0.0298033
0.0298033
0.0298033
0.0298033
0.0298033
0.0298033
0.0298033
0.0298033
0.0298033
0.0298033
0.0298033
0.0298033
0.0298033
0.0298033
0.0298033
0.0298033
0.0298033
0.0298033
0.0298033
0.0298033
0.0298033
0.0298033
0.0298033
0.0298033
0.0298033
0.0298033
0.0298033
0.0298033
0.0298033
0.0298033
0.0298033
0.0298033
0.0298033
0.0298033
0.0298033
0.0298033
0.0298033
0.0298033
0.0304918
0.0304918
0.0304918
0.0304918
0.0304918
0.0304918
0.0304918
0.0304918
0.0304918
0.0304918
0.0304918
0.0304918
0.0304918
0.0304918
0.0304918
0.0304918
0.0304918
0.0304918
0.0304918
0.0304918
0.0304918
0.0304918
0.0304918
0.0304918
0.0304918
0.0304918
0.0304918
0.0304918
0.0304918
0.0304918
0.0304918
0.0304918
0.0304918
0.0304918
0.0304918
0.0304918
0.0304918
0.0304918
0.0304918
0.031258
0.031258
0.031258
0.031258
0.031258
0.031258
0.031258
0.031258
0.031258
0.031258
0.031258
0.031258
0.031258
0.031258
0.031258
0.031258
0.031258
0.031258
0.031258
0.031258
0.031258
0.031258
0.031258
0.031258
0.031258
0.031258
0.031258
0.031258
0.031258
0.031258
0.031258
0.031258
0.031258
0.031258
0.031258
0.031258
0.031258
0.031258
0.031258
0.0321007
0.0321007
0.0321007
0.0321007
0.0321007
0.0321007
0.0321007
0.0321007
0.0321007
0.0321007
0.0321007
0.0321007
0.0321007
0.0321007
0.0321007
0.0321007
0.0321007
0.0321007
0.0321007
0.0321007
0.0321007
0.0321007
0.0321007
0.0321007
0.0321007
0.0321007
0.0321007
0.0321007
0.0321007
0.0321007
0.0321007
0.0321007
0.0321007
0.0321007
0.0321007
0.0321007
0.0321007
0.0321007
0.0321007
0.0330188
0.0330188
0.0330188
0.0330188
0.0330188
0.0330188
0.0330188
0.0330188
0.0330188
0.0330188
0.0330188
0.0330188
0.0330188
0.0330188
0.0330188
0.0330188
0.0330188
0.0330188
0.0330188
0.0330188
0.0330188
0.0330188
0.0330188
0.0330188
0.0330188
0.0330188
0.0330188
0.0330188
0.0330188
0.0330188
0.0330188
0.0330188
0.0330188
0.0330188
0.0330188
0.0330188
0.0330188
0.0330188
0.0330188
0.0340119
0.0340119
0.0340119
0.0340119
0.0340119
0.0340119
0.0340119
0.0340119
0.0340119
0.0340119
0.0340119
0.0340119
0.0340119
0.0340119
0.0340119
0.0340119
0.0340119
0.0340119
0.0340119
0.0340119
0.0340119
0.0340119
0.0340119
0.0340119
0.0340119
0.0340119
0.0340119
0.0340119
0.0340119
0.0340119
0.0340119
0.0340119
0.0340119
0.0340119
0.0340119
0.0340119
0.0340119
0.0340119
0.0340119
0.0350791
0.0350791
0.0350791
0.0350791
0.0350791
0.0350791
0.0350791
0.0350791
0.0350791
0.0350791
0.0350791
0.0350791
0.0350791
0.0350791
0.0350791
0.0350791
0.0350791
0.0350791
0.0350791
0.0350791
0.0350791
0.0350791
0.0350791
0.0350791
0.0350791
0.0350791
0.0350791
0.0350791
0.0350791
0.0350791
0.0350791
0.0350791
0.0350791
0.0350791
0.0350791
0.0350791
0.0350791
0.0350791
0.0350791
0.03622
0.03622
0.03622
0.03622
0.03622
0.03622
0.03622
0.03622
0.03622
0.03622
0.03622
0.03622
0.03622
0.03622
0.03622
0.03622
0.03622
0.03622
0.03622
0.03622
0.03622
0.03622
0.03622
0.03622
0.03622
0.03622
0.03622
0.03622
0.03622
0.03622
0.03622
0.03622
0.03622
0.03622
0.03622
0.03622
0.03622
0.03622
0.03622
0.0374344
0.0374344
0.0374344
0.0374344
0.0374344
0.0374344
0.0374344
0.0374344
0.0374344
0.0374344
0.0374344
0.0374344
0.0374344
0.0374344
0.0374344
0.0374344
0.0374344
0.0374344
0.0374344
0.0374344
0.0374344
0.0374344
0.0374344
0.0374344
0.0374344
0.0374344
0.0374344
0.0374344
0.0374344
0.0374344
0.0374344
0.0374344
0.0374344
0.0374344
0.0374344
0.0374344
0.0374344
0.0374344
0.0374344
0.0387221
0.0387221
0.0387221
0.0387221
0.0387221
0.0387221
0.0387221
0.0387221
0.0387221
0.0387221
0.0387221
0.0387221
0.0387221
0.0387221
0.0387221
0.0387221
0.0387221
0.0387221
0.0387221
0.0387221
0.0387221
0.0387221
0.0387221
0.0387221
0.0387221
0.0387221
0.0387221
0.0387221
0.0387221
0.0387221
0.0387221
0.0387221
0.0387221
0.0387221
0.0387221
0.0387221
0.0387221
0.0387221
0.0387221
0.0400834
0.0400834
0.0400834
0.0400834
0.0400834
0.0400834
0.0400834
0.0400834
0.0400834
0.0400834
0.0400834
0.0400834
0.0400834
0.0400834
0.0400834
0.0400834
0.0400834
0.0400834
0.0400834
0.0400834
0.0400834
0.0400834
0.0400834
0.0400834
0.0400834
0.0400834
0.0400834
0.0400834
0.0400834
0.0400834
0.0400834
0.0400834
0.0400834
0.0400834
0.0400834
0.0400834
0.0400834
0.0400834
0.0400834
0.041519
0.041519
0.041519
0.041519
0.041519
0.041519
0.041519
0.041519
0.041519
0.041519
0.041519
0.041519
0.041519
0.041519
0.041519
0.041519
0.041519
0.041519
0.041519
0.041519
0.041519
0.041519
0.041519
0.041519
0.041519
0.041519
0.041519
0.041519
0.041519
0.041519
0.041519
0.041519
0.041519
0.041519
0.041519
0.041519
0.041519
0.041519
0.041519
0.04303
0.04303
0.04303
0.04303
0.04303
0.04303
0.04303
0.04303
0.04303
0.04303
0.04303
0.04303
0.04303
0.04303
0.04303
0.04303
0.04303
0.04303
0.04303
0.04303
0.04303
0.04303
0.04303
0.04303
0.04303
0.04303
0.04303
0.04303
0.04303
0.04303
0.04303
0.04303
0.04303
0.04303
0.04303
0.04303
0.04303
0.04303
0.04303
0.0446177
0.0446177
0.0446177
0.0446177
0.0446177
0.0446177
0.0446177
0.0446177
0.0446177
0.0446177
0.0446177
0.0446177
0.0446177
0.0446177
0.0446177
0.0446177
0.0446177
0.0446177
0.0446177
0.0446177
0.0446177
0.0446177
0.0446177
0.0446177
0.0446177
0.0446177
0.0446177
0.0446177
0.0446177
0.0446177
0.0446177
0.0446177
0.0446177
0.0446177
0.0446177
0.0446177
0.0446177
0.0446177
0.0446177
0.0462837
0.0462837
0.0462837
0.0462837
0.0462837
0.0462837
0.0462837
0.0462837
0.0462837
0.0462837
0.0462837
0.0462837
0.0462837
0.0462837
0.0462837
0.0462837
0.0462837
0.0462837
0.0462837
0.0462837
0.0462837
0.0462837
0.0462837
0.0462837
0.0462837
0.0462837
0.0462837
0.0462837
0.0462837
0.0462837
0.0462837
0.0462837
0.0462837
0.0462837
0.0462837
0.0462837
0.0462837
0.0462837
0.0462837
0.0480297
0.0480297
0.0480297
0.0480297
0.0480297
0.0480297
0.0480297
0.0480297
0.0480297
0.0480297
0.0480297
0.0480297
0.0480297
0.0480297
0.0480297
0.0480297
0.0480297
0.0480297
0.0480297
0.0480297
0.0480297
0.0480297
0.0480297
0.0480297
0.0480297
0.0480297
0.0480297
0.0480297
0.0480297
0.0480297
0.0480297
0.0480297
0.0480297
0.0480297
0.0480297
0.0480297
0.0480297
0.0480297
0.0480297
0.0498576
0.0498576
0.0498576
0.0498576
0.0498576
0.0498576
0.0498576
0.0498577
0.0498577
0.0498577
0.0498577
0.0498577
0.0498577
0.0498577
0.0498577
0.0498577
0.0498577
0.0498577
0.0498577
0.0498577
0.0498577
0.0498577
0.0498577
0.0498577
0.0498577
0.0498577
0.0498577
0.0498577
0.0498577
0.0498577
0.0498577
0.0498577
0.0498576
0.0498576
0.0498576
0.0498576
0.0498576
0.0498576
0.0498576
0.0517699
0.0517699
0.0517699
0.0517699
0.0517699
0.0517699
0.0517699
0.0517699
0.0517699
0.0517699
0.0517699
0.0517699
0.0517699
0.0517699
0.0517699
0.0517699
0.0517699
0.0517699
0.0517699
0.0517699
0.0517699
0.0517699
0.0517699
0.0517699
0.0517699
0.0517699
0.0517699
0.0517699
0.0517699
0.0517699
0.0517699
0.0517699
0.0517699
0.0517699
0.0517699
0.0517699
0.0517699
0.0517699
0.0517699
0.0537693
0.0537693
0.0537693
0.0537693
0.0537693
0.0537693
0.0537693
0.0537693
0.0537693
0.0537693
0.0537693
0.0537693
0.0537693
0.0537693
0.0537693
0.0537693
0.0537693
0.0537693
0.0537693
0.0537693
0.0537693
0.0537693
0.0537693
0.0537693
0.0537693
0.0537693
0.0537693
0.0537693
0.0537693
0.0537693
0.0537693
0.0537693
0.0537693
0.0537693
0.0537693
0.0537693
0.0537693
0.0537693
0.0537693
0.0558589
0.0558589
0.0558589
0.0558589
0.0558589
0.0558589
0.0558589
0.0558589
0.0558589
0.0558589
0.0558589
0.0558589
0.055859
0.055859
0.055859
0.055859
0.055859
0.055859
0.055859
0.055859
0.055859
0.0558589
0.0558589
0.0558589
0.0558589
0.0558589
0.0558589
0.0558589
0.0558589
0.0558589
0.0558589
0.0558589
0.0558589
0.0558589
0.0558589
0.0558589
0.0558589
0.0558589
0.0558589
0.0580427
0.0580427
0.0580427
0.0580427
0.0580427
0.0580427
0.0580427
0.0580427
0.0580427
0.0580427
0.0580427
0.0580427
0.0580427
0.0580427
0.0580427
0.0580427
0.0580427
0.0580427
0.0580427
0.0580427
0.0580427
0.0580427
0.0580427
0.0580427
0.0580427
0.0580427
0.0580427
0.0580427
0.0580427
0.0580427
0.0580427
0.0580427
0.0580427
0.0580427
0.0580427
0.0580427
0.0580427
0.0580427
0.0580427
0.0603248
0.0603248
0.0603248
0.0603248
0.0603248
0.0603248
0.0603248
0.0603248
0.0603248
0.0603248
0.0603248
0.0603248
0.0603248
0.0603248
0.0603248
0.0603248
0.0603248
0.0603248
0.0603248
0.0603248
0.0603248
0.0603248
0.0603248
0.0603248
0.0603248
0.0603248
0.0603248
0.0603248
0.0603248
0.0603248
0.0603248
0.0603248
0.0603248
0.0603248
0.0603248
0.0603248
0.0603248
0.0603248
0.0603248
0.0627101
0.0627101
0.0627101
0.0627101
0.0627101
0.0627101
0.0627101
0.0627101
0.0627101
0.0627101
0.0627101
0.0627101
0.0627101
0.0627101
0.0627101
0.0627101
0.0627101
0.0627101
0.0627101
0.0627101
0.0627101
0.0627101
0.0627101
0.0627101
0.0627101
0.0627101
0.0627101
0.0627101
0.0627101
0.0627101
0.0627101
0.0627101
0.0627101
0.0627101
0.0627101
0.0627101
0.0627101
0.0627101
0.0627101
0.065204
0.065204
0.0652041
0.0652041
0.0652041
0.0652041
0.0652041
0.0652041
0.0652041
0.0652041
0.0652041
0.0652041
0.0652041
0.0652041
0.0652041
0.0652041
0.0652041
0.0652041
0.0652041
0.065204
0.065204
0.065204
0.065204
0.065204
0.065204
0.065204
0.065204
0.065204
0.065204
0.065204
0.065204
0.065204
0.065204
0.065204
0.065204
0.065204
0.065204
0.065204
0.065204
0.0678126
0.0678126
0.0678126
0.0678126
0.0678126
0.0678126
0.0678126
0.0678126
0.0678126
0.0678126
0.0678126
0.0678126
0.0678126
0.0678126
0.0678126
0.0678126
0.0678126
0.0678126
0.0678126
0.0678126
0.0678126
0.0678126
0.0678126
0.0678126
0.0678126
0.0678126
0.0678126
0.0678126
0.0678126
0.0678126
0.0678126
0.0678126
0.0678126
0.0678126
0.0678126
0.0678126
0.0678126
0.0678126
0.0678126
0.0705428
0.0705428
0.0705428
0.0705428
0.0705428
0.0705428
0.0705428
0.0705428
0.0705428
0.0705428
0.0705428
0.0705427
0.0705427
0.0705427
0.0705427
0.0705427
0.0705427
0.0705427
0.0705428
0.0705428
0.0705428
0.0705428
0.0705428
0.0705428
0.0705428
0.0705428
0.0705428
0.0705428
0.0705428
0.0705428
0.0705428
0.0705428
0.0705428
0.0705428
0.0705428
0.0705428
0.0705428
0.0705428
0.0705428
0.0734023
0.0734023
0.0734023
0.0734023
0.0734022
0.0734022
0.0734022
0.0734022
0.0734022
0.0734022
0.0734022
0.0734022
0.0734022
0.0734022
0.0734022
0.0734022
0.0734022
0.0734022
0.0734022
0.0734023
0.0734023
0.0734023
0.0734023
0.0734023
0.0734023
0.0734023
0.0734023
0.0734023
0.0734023
0.0734023
0.0734023
0.0734023
0.0734023
0.0734023
0.0734023
0.0734023
0.0734023
0.0734023
0.0734023
0.0763996
0.0763996
0.0763996
0.0763995
0.0763995
0.0763995
0.0763995
0.0763995
0.0763995
0.0763995
0.0763995
0.0763995
0.0763995
0.0763995
0.0763995
0.0763995
0.0763996
0.0763996
0.0763996
0.0763996
0.0763996
0.0763996
0.0763996
0.0763996
0.0763996
0.0763996
0.0763996
0.0763996
0.0763996
0.0763996
0.0763996
0.0763996
0.0763996
0.0763996
0.0763996
0.0763996
0.0763996
0.0763996
0.0763996
0.0795442
0.0795442
0.0795442
0.0795442
0.0795442
0.0795441
0.0795441
0.0795441
0.0795441
0.0795441
0.0795442
0.0795442
0.0795442
0.0795442
0.0795442
0.0795442
0.0795442
0.0795442
0.0795442
0.0795442
0.0795442
0.0795442
0.0795442
0.0795442
0.0795442
0.0795442
0.0795442
0.0795442
0.0795442
0.0795442
0.0795442
0.0795442
0.0795442
0.0795442
0.0795442
0.0795442
0.0795442
0.0795442
0.0795442
0.0828469
0.0828469
0.0828469
0.0828469
0.0828469
0.0828469
0.0828469
0.0828469
0.0828469
0.0828469
0.0828469
0.0828469
0.0828469
0.0828469
0.0828469
0.0828469
0.0828469
0.082847
0.082847
0.082847
0.082847
0.082847
0.082847
0.082847
0.082847
0.082847
0.082847
0.082847
0.082847
0.082847
0.082847
0.082847
0.082847
0.0828469
0.0828469
0.0828469
0.0828469
0.0828469
0.0828469
0.0863214
0.0863214
0.0863214
0.0863214
0.0863214
0.0863214
0.0863214
0.0863214
0.0863214
0.0863215
0.0863215
0.0863215
0.0863215
0.0863215
0.0863215
0.0863215
0.0863215
0.0863216
0.0863216
0.0863216
0.0863216
0.0863216
0.0863216
0.0863216
0.0863216
0.0863216
0.0863216
0.0863216
0.0863216
0.0863215
0.0863215
0.0863215
0.0863215
0.0863215
0.0863215
0.0863215
0.0863215
0.0863214
0.0863214
0.0899897
0.0899897
0.0899897
0.0899897
0.0899897
0.0899897
0.0899897
0.0899897
0.0899897
0.0899897
0.0899898
0.0899898
0.0899898
0.0899898
0.0899898
0.0899898
0.0899898
0.0899898
0.0899898
0.0899898
0.0899898
0.0899898
0.0899898
0.0899898
0.0899898
0.0899898
0.0899898
0.0899898
0.0899898
0.0899898
0.0899897
0.0899897
0.0899897
0.0899897
0.0899897
0.0899897
0.0899897
0.0899897
0.0899897
0.0938733
0.0938733
0.0938733
0.0938733
0.0938733
0.0938733
0.0938734
0.0938734
0.0938734
0.0938734
0.0938734
0.0938734
0.0938734
0.0938734
0.0938734
0.0938734
0.0938734
0.0938734
0.0938734
0.0938734
0.0938734
0.0938734
0.0938734
0.0938733
0.0938733
0.0938733
0.0938733
0.0938733
0.0938733
0.0938733
0.0938733
0.0938733
0.0938733
0.0938733
0.0938733
0.0938733
0.0938733
0.0938733
0.0938733
0.0979857
0.0979858
0.0979858
0.0979858
0.0979858
0.0979858
0.0979858
0.0979858
0.0979858
0.0979858
0.0979858
0.0979858
0.0979858
0.0979858
0.0979858
0.0979858
0.0979858
0.0979858
0.0979858
0.0979858
0.0979858
0.0979858
0.0979858
0.0979857
0.0979857
0.0979857
0.0979857
0.0979857
0.0979857
0.0979857
0.0979857
0.0979857
0.0979857
0.0979857
0.0979857
0.0979857
0.0979857
0.0979857
0.0979857
0.102337
0.102337
0.102337
0.102337
0.102338
0.102338
0.102338
0.102338
0.102338
0.102338
0.102338
0.102338
0.102338
0.102338
0.102338
0.102338
0.102338
0.102338
0.102337
0.102337
0.102337
0.102337
0.102337
0.102337
0.102337
0.102337
0.102337
0.102337
0.102337
0.102337
0.102337
0.102337
0.102337
0.102337
0.102337
0.102337
0.102337
0.102337
0.102337
0.106939
0.106939
0.106939
0.106939
0.106939
0.106939
0.106939
0.106939
0.106939
0.106939
0.106939
0.106939
0.106939
0.106939
0.106939
0.106939
0.106939
0.106939
0.106939
0.106939
0.106939
0.106939
0.106939
0.106939
0.106939
0.106939
0.106939
0.106939
0.106939
0.106939
0.106939
0.106939
0.106939
0.106939
0.106939
0.106939
0.106939
0.106939
0.106939
0.111806
0.111806
0.111806
0.111806
0.111806
0.111806
0.111806
0.111806
0.111806
0.111806
0.111806
0.111806
0.111806
0.111806
0.111806
0.111806
0.111806
0.111806
0.111806
0.111806
0.111806
0.111806
0.111806
0.111806
0.111806
0.111806
0.111806
0.111806
0.111805
0.111805
0.111805
0.111805
0.111806
0.111806
0.111806
0.111806
0.111806
0.111806
0.111806
0.116955
0.116955
0.116955
0.116955
0.116955
0.116955
0.116955
0.116955
0.116955
0.116955
0.116955
0.116955
0.116955
0.116955
0.116955
0.116955
0.116955
0.116955
0.116955
0.116955
0.116955
0.116955
0.116955
0.116955
0.116955
0.116955
0.116955
0.116955
0.116955
0.116955
0.116955
0.116955
0.116955
0.116955
0.116955
0.116955
0.116955
0.116955
0.116955
0.12241
0.12241
0.12241
0.12241
0.12241
0.12241
0.12241
0.12241
0.12241
0.12241
0.12241
0.12241
0.12241
0.12241
0.12241
0.12241
0.12241
0.12241
0.12241
0.12241
0.12241
0.12241
0.12241
0.12241
0.12241
0.12241
0.12241
0.12241
0.12241
0.12241
0.12241
0.12241
0.12241
0.12241
0.12241
0.12241
0.12241
0.12241
0.12241
0.128198
0.128198
0.128198
0.128198
0.128198
0.128199
0.128199
0.128199
0.128199
0.128199
0.128199
0.128199
0.128199
0.128199
0.128198
0.128198
0.128198
0.128198
0.128198
0.128198
0.128198
0.128198
0.128198
0.128198
0.128198
0.128198
0.128198
0.128198
0.128198
0.128198
0.128198
0.128198
0.128198
0.128198
0.128198
0.128198
0.128198
0.128198
0.128198
0.134354
0.134354
0.134354
0.134354
0.134354
0.134354
0.134354
0.134354
0.134354
0.134354
0.134354
0.134354
0.134354
0.134354
0.134354
0.134354
0.134354
0.134354
0.134354
0.134354
0.134354
0.134354
0.134354
0.134354
0.134354
0.134354
0.134354
0.134354
0.134354
0.134354
0.134354
0.134354
0.134354
0.134354
0.134354
0.134354
0.134354
0.134354
0.134354
0.140914
0.140914
0.140914
0.140914
0.140914
0.140914
0.140914
0.140914
0.140914
0.140914
0.140914
0.140914
0.140914
0.140914
0.140914
0.140914
0.140914
0.140914
0.140914
0.140914
0.140914
0.140914
0.140914
0.140914
0.140914
0.140914
0.140914
0.140914
0.140914
0.140914
0.140914
0.140914
0.140914
0.140914
0.140914
0.140914
0.140914
0.140914
0.140914
0.147924
0.147924
0.147924
0.147924
0.147924
0.147924
0.147924
0.147924
0.147924
0.147924
0.147924
0.147924
0.147924
0.147924
0.147924
0.147924
0.147924
0.147924
0.147924
0.147924
0.147924
0.147924
0.147924
0.147924
0.147924
0.147924
0.147924
0.147924
0.147924
0.147924
0.147924
0.147924
0.147924
0.147924
0.147924
0.147924
0.147924
0.147924
0.147924
0.155434
0.155434
0.155434
0.155434
0.155434
0.155434
0.155434
0.155434
0.155434
0.155434
0.155434
0.155434
0.155434
0.155434
0.155434
0.155434
0.155434
0.155434
0.155434
0.155434
0.155434
0.155434
0.155434
0.155434
0.155434
0.155434
0.155434
0.155434
0.155434
0.155434
0.155434
0.155434
0.155434
0.155434
0.155434
0.155434
0.155434
0.155434
0.155434
0.163503
0.163503
0.163503
0.163503
0.163503
0.163503
0.163503
0.163503
0.163503
0.163503
0.163503
0.163503
0.163503
0.163503
0.163503
0.163503
0.163503
0.163503
0.163503
0.163503
0.163503
0.163503
0.163503
0.163503
0.163503
0.163503
0.163503
0.163503
0.163503
0.163503
0.163503
0.163503
0.163503
0.163503
0.163503
0.163503
0.163503
0.163503
0.163503
0.172198
0.172198
0.172198
0.172198
0.172198
0.172198
0.172198
0.172198
0.172198
0.172198
0.172198
0.172198
0.172198
0.172198
0.172198
0.172198
0.172198
0.172198
0.172198
0.172198
0.172197
0.172197
0.172197
0.172197
0.172197
0.172197
0.172197
0.172197
0.172197
0.172197
0.172197
0.172197
0.172197
0.172197
0.172197
0.172197
0.172197
0.172197
0.172197
0.181596
0.181596
0.181596
0.181596
0.181596
0.181596
0.181596
0.181596
0.181596
0.181596
0.181596
0.181596
0.181596
0.181596
0.181596
0.181596
0.181596
0.181596
0.181596
0.181596
0.181596
0.181596
0.181596
0.181596
0.181596
0.181595
0.181595
0.181595
0.181595
0.181595
0.181595
0.181595
0.181595
0.181595
0.181595
0.181595
0.181596
0.181596
0.181596
0.191787
0.191787
0.191787
0.191787
0.191787
0.191787
0.191787
0.191788
0.191788
0.191788
0.191788
0.191788
0.191788
0.191788
0.191788
0.191788
0.191788
0.191787
0.191787
0.191787
0.191787
0.191787
0.191787
0.191787
0.191787
0.191787
0.191787
0.191787
0.191786
0.191786
0.191786
0.191786
0.191786
0.191786
0.191786
0.191787
0.191787
0.191787
0.191787
0.202874
0.202874
0.202874
0.202875
0.202875
0.202875
0.202875
0.202875
0.202875
0.202875
0.202875
0.202875
0.202875
0.202875
0.202875
0.202875
0.202875
0.202875
0.202875
0.202875
0.202875
0.202875
0.202875
0.202874
0.202874
0.202874
0.202874
0.202874
0.202874
0.202874
0.202874
0.202874
0.202874
0.202874
0.202874
0.202874
0.202874
0.202874
0.202874
0.21498
0.21498
0.21498
0.214981
0.214981
0.214981
0.214981
0.214981
0.214982
0.214982
0.214982
0.214982
0.214982
0.214982
0.214982
0.214982
0.214982
0.214982
0.214982
0.214981
0.214981
0.214981
0.214981
0.214981
0.21498
0.21498
0.21498
0.21498
0.21498
0.21498
0.21498
0.214979
0.214979
0.214979
0.214979
0.21498
0.21498
0.21498
0.21498
0.228247
0.228247
0.228247
0.228247
0.228248
0.228248
0.228248
0.228249
0.228249
0.228249
0.228249
0.228249
0.228249
0.22825
0.22825
0.22825
0.228249
0.228249
0.228249
0.228249
0.228249
0.228249
0.228248
0.228248
0.228248
0.228248
0.228247
0.228247
0.228247
0.228247
0.228246
0.228246
0.228246
0.228246
0.228246
0.228246
0.228246
0.228246
0.228247
0.242841
0.242841
0.242842
0.242842
0.242843
0.242843
0.242843
0.242844
0.242844
0.242844
0.242845
0.242845
0.242845
0.242845
0.242845
0.242845
0.242845
0.242845
0.242845
0.242845
0.242844
0.242844
0.242844
0.242844
0.242843
0.242843
0.242842
0.242842
0.242842
0.242841
0.242841
0.242841
0.242841
0.242841
0.242841
0.242841
0.242841
0.242841
0.242841
0.258962
0.258962
0.258963
0.258963
0.258964
0.258964
0.258965
0.258965
0.258966
0.258966
0.258966
0.258967
0.258967
0.258967
0.258967
0.258968
0.258968
0.258968
0.258967
0.258967
0.258967
0.258967
0.258966
0.258966
0.258965
0.258965
0.258964
0.258964
0.258963
0.258963
0.258963
0.258962
0.258962
0.258962
0.258962
0.258962
0.258962
0.258962
0.258962
0.276851
0.276851
0.276851
0.276852
0.276852
0.276853
0.276854
0.276854
0.276855
0.276856
0.276856
0.276857
0.276857
0.276858
0.276858
0.276858
0.276858
0.276858
0.276858
0.276858
0.276858
0.276857
0.276857
0.276856
0.276856
0.276855
0.276854
0.276854
0.276853
0.276853
0.276852
0.276852
0.276851
0.276851
0.276851
0.27685
0.27685
0.27685
0.27685
0.296796
0.296797
0.296797
0.296798
0.296798
0.296799
0.2968
0.2968
0.296801
0.296802
0.296803
0.296804
0.296804
0.296805
0.296805
0.296806
0.296806
0.296806
0.296806
0.296806
0.296806
0.296805
0.296805
0.296804
0.296804
0.296803
0.296802
0.296801
0.2968
0.2968
0.296799
0.296798
0.296797
0.296797
0.296797
0.296796
0.296796
0.296796
0.296796
0.319142
0.319142
0.319143
0.319143
0.319144
0.319145
0.319146
0.319147
0.319148
0.319149
0.31915
0.319151
0.319151
0.319152
0.319153
0.319154
0.319154
0.319154
0.319154
0.319154
0.319154
0.319154
0.319153
0.319153
0.319152
0.319151
0.31915
0.319149
0.319148
0.319147
0.319146
0.319145
0.319144
0.319143
0.319143
0.319142
0.319142
0.319142
0.319142
0.344306
0.344306
0.344306
0.344307
0.344308
0.344308
0.34431
0.344311
0.344312
0.344313
0.344314
0.344316
0.344317
0.344318
0.344319
0.34432
0.344321
0.344321
0.344321
0.344322
0.344322
0.344321
0.344321
0.34432
0.344319
0.344318
0.344317
0.344316
0.344315
0.344313
0.344312
0.344311
0.34431
0.344309
0.344308
0.344307
0.344306
0.344306
0.344306
0.372801
0.372801
0.372802
0.372802
0.372803
0.372804
0.372805
0.372806
0.372808
0.372809
0.372811
0.372813
0.372814
0.372816
0.372817
0.372818
0.372819
0.37282
0.37282
0.372821
0.372821
0.372821
0.37282
0.37282
0.372819
0.372818
0.372817
0.372815
0.372814
0.372812
0.372811
0.372809
0.372807
0.372806
0.372805
0.372804
0.372803
0.372802
0.372802
0.405267
0.405267
0.405267
0.405268
0.405268
0.405269
0.405271
0.405272
0.405274
0.405275
0.405277
0.405279
0.405281
0.405283
0.405285
0.405286
0.405288
0.405289
0.40529
0.40529
0.405291
0.405291
0.40529
0.40529
0.405289
0.405288
0.405286
0.405285
0.405283
0.405281
0.405279
0.405278
0.405276
0.405274
0.405272
0.405271
0.405269
0.405268
0.405268
0.442498
0.442497
0.442497
0.442498
0.442498
0.442499
0.4425
0.442502
0.442504
0.442506
0.442508
0.44251
0.442512
0.442515
0.442517
0.442519
0.442521
0.442522
0.442523
0.442524
0.442525
0.442525
0.442525
0.442525
0.442524
0.442523
0.442521
0.44252
0.442518
0.442516
0.442513
0.442511
0.442509
0.442507
0.442505
0.442503
0.442501
0.4425
0.442499
0.485487
0.485486
0.485486
0.485486
0.485486
0.485487
0.485488
0.48549
0.485492
0.485494
0.485497
0.485499
0.485502
0.485504
0.485507
0.485509
0.485511
0.485513
0.485515
0.485516
0.485517
0.485518
0.485518
0.485518
0.485517
0.485516
0.485514
0.485513
0.485511
0.485508
0.485506
0.485503
0.485501
0.485498
0.485496
0.485493
0.485491
0.485489
0.485488
0.535504
0.535503
0.535502
0.535502
0.535502
0.535503
0.535504
0.535506
0.535508
0.53551
0.535512
0.535515
0.535518
0.535521
0.535524
0.535527
0.535529
0.535532
0.535534
0.535535
0.535537
0.535537
0.535538
0.535538
0.535537
0.535536
0.535535
0.535533
0.535531
0.535528
0.535526
0.535523
0.53552
0.535517
0.535514
0.535512
0.535509
0.535507
0.535505
0.594192
0.594191
0.59419
0.59419
0.59419
0.59419
0.594192
0.594193
0.594195
0.594197
0.5942
0.594203
0.594206
0.594209
0.594212
0.594215
0.594218
0.594221
0.594223
0.594225
0.594227
0.594228
0.594229
0.594229
0.594228
0.594228
0.594226
0.594224
0.594222
0.59422
0.594217
0.594214
0.594211
0.594208
0.594205
0.594202
0.594199
0.594196
0.594194
0.66371
0.663708
0.663707
0.663706
0.663706
0.663707
0.663708
0.663709
0.663711
0.663713
0.663716
0.663719
0.663722
0.663725
0.663729
0.663732
0.663735
0.663738
0.66374
0.663743
0.663744
0.663746
0.663747
0.663747
0.663747
0.663746
0.663745
0.663743
0.663741
0.663738
0.663736
0.663733
0.663729
0.663726
0.663723
0.66372
0.663717
0.663714
0.663712
0.74695
0.746948
0.746947
0.746946
0.746946
0.746947
0.746948
0.746949
0.746951
0.746953
0.746956
0.746958
0.746962
0.746965
0.746968
0.746971
0.746974
0.746977
0.74698
0.746982
0.746984
0.746986
0.746986
0.746987
0.746987
0.746986
0.746985
0.746983
0.746981
0.746979
0.746976
0.746973
0.74697
0.746967
0.746964
0.74696
0.746957
0.746955
0.746952
0.84797
0.847969
0.847968
0.847967
0.847967
0.847967
0.847968
0.847969
0.847971
0.847973
0.847975
0.847978
0.847981
0.847984
0.847987
0.84799
0.847993
0.847996
0.847998
0.848
0.848002
0.848004
0.848005
0.848005
0.848005
0.848004
0.848003
0.848002
0.848
0.847998
0.847995
0.847992
0.84799
0.847986
0.847983
0.84798
0.847977
0.847975
0.847972
0.972761
0.97276
0.972759
0.972759
0.972759
0.972759
0.97276
0.972761
0.972762
0.972764
0.972766
0.972769
0.972771
0.972774
0.972777
0.972779
0.972782
0.972784
0.972786
0.972788
0.97279
0.972791
0.972792
0.972792
0.972792
0.972792
0.972791
0.972789
0.972787
0.972785
0.972783
0.972781
0.972778
0.972775
0.972773
0.97277
0.972767
0.972765
0.972763
1.1308
1.1308
1.1308
1.1308
1.1308
1.1308
1.1308
1.1308
1.1308
1.1308
1.1308
1.13081
1.13081
1.13081
1.13081
1.13081
1.13082
1.13082
1.13082
1.13082
1.13082
1.13082
1.13082
1.13082
1.13082
1.13082
1.13082
1.13082
1.13082
1.13082
1.13081
1.13081
1.13081
1.13081
1.13081
1.1308
1.1308
1.1308
1.1308
1.33839
1.33839
1.33839
1.33839
1.33839
1.33839
1.33839
1.3384
1.3384
1.3384
1.3384
1.3384
1.3384
1.3384
1.33841
1.33841
1.33841
1.33841
1.33841
1.33841
1.33841
1.33841
1.33841
1.33841
1.33841
1.33841
1.33841
1.3384
1.3384
1.3384
1.3384
1.3384
1.3384
1.3384
1.33839
1.33839
1.33839
1.33839
1.33839
1.62511
1.62511
1.62511
1.62511
1.62511
1.62511
1.62511
1.62512
1.62512
1.62512
1.62512
1.62512
1.62512
1.62512
1.62512
1.62512
1.62512
1.62512
1.62512
1.62512
1.62512
1.62512
1.62512
1.62512
1.62512
1.62512
1.62511
1.62511
1.62511
1.62511
1.62511
1.62511
1.62511
1.62511
1.62511
1.62511
1.62511
1.62511
1.62511
2.05018
2.05018
2.05018
2.05018
2.05018
2.05019
2.05019
2.05019
2.05019
2.05019
2.05019
2.05019
2.05019
2.05019
2.05019
2.05019
2.05019
2.05019
2.05019
2.05019
2.05018
2.05018
2.05018
2.05018
2.05018
2.05018
2.05017
2.05017
2.05017
2.05017
2.05017
2.05017
2.05017
2.05017
2.05017
2.05017
2.05017
2.05017
2.05018
2.74876
2.74876
2.74876
2.74877
2.74877
2.74877
2.74877
2.74877
2.74877
2.74877
2.74877
2.74877
2.74877
2.74877
2.74877
2.74877
2.74877
2.74876
2.74876
2.74876
2.74876
2.74876
2.74875
2.74875
2.74875
2.74875
2.74875
2.74875
2.74874
2.74874
2.74874
2.74874
2.74874
2.74875
2.74875
2.74875
2.74875
2.74875
2.74876
4.05797
4.05797
4.05797
4.05798
4.05798
4.05798
4.05798
4.05798
4.05798
4.05798
4.05798
4.05798
4.05798
4.05798
4.05798
4.05798
4.05797
4.05797
4.05797
4.05797
4.05796
4.05796
4.05796
4.05796
4.05796
4.05795
4.05795
4.05795
4.05795
4.05795
4.05795
4.05795
4.05795
4.05795
4.05795
4.05795
4.05796
4.05796
4.05796
6.91951
6.91952
6.91952
6.91952
6.91953
6.91953
6.91953
6.91953
6.91953
6.91953
6.91953
6.91953
6.91953
6.91953
6.91952
6.91952
6.91952
6.91952
6.91951
6.91951
6.91951
6.91951
6.91951
6.91951
6.91951
6.9195
6.9195
6.9195
6.9195
6.9195
6.9195
6.9195
6.9195
6.9195
6.9195
6.9195
6.9195
6.91951
6.91951
14.5992
14.5992
14.5992
14.5992
14.5992
14.5992
14.5992
14.5992
14.5992
14.5992
14.5992
14.5992
14.5992
14.5992
14.5992
14.5992
14.5992
14.5992
14.5992
14.5992
14.5992
14.5992
14.5992
14.5992
14.5992
14.5992
14.5992
14.5992
14.5992
14.5992
14.5992
14.5992
14.5992
14.5992
14.5992
14.5992
14.5992
14.5992
14.5992
43.6137
43.6137
43.6137
43.6137
43.6137
43.6137
43.6137
43.6137
43.6137
43.6137
43.6137
43.6137
43.6137
43.6137
43.6137
43.6137
43.6137
43.6137
43.6137
43.6137
43.6137
43.6137
43.6137
43.6137
43.6137
43.6137
43.6137
43.6137
43.6136
43.6136
43.6136
43.6136
43.6136
43.6136
43.6136
43.6136
43.6136
43.6136
43.6137
256
256
256
256
256
256
256
256
256
256
256
256
256
256
256
256
256
256
256
256
256
256
256
256
256
256
256
256
256
256
256
256
256
256
256
256
256
256
256
)
;

boundaryField
{
    bottomWall
    {
        Cmu             0.09;
        kappa           0.41;
        E               9.8;
        beta1           0.075;
        type            omegaWallFunction;
        value           nonuniform List<scalar> 
39
(
256
256
256
256
256
256
256
256
256
256
256
256
256
256
256
256
256
256
256
256
256
256
256
256
256
256
256
256
256
256
256
256
256
256
256
256
256
256
256
)
;
    }
    front
    {
        type            empty;
    }
    back
    {
        type            empty;
    }
    inlet
    {
        type            cyclic;
    }
    outlet
    {
        type            cyclic;
    }
    topWall
    {
        Cmu             0.09;
        kappa           0.41;
        E               9.8;
        beta1           0.075;
        type            omegaWallFunction;
        value           nonuniform List<scalar> 
39
(
256
256
256
256
256
256
256
256
256
256
256
256
256
256
256
256
256
256
256
256
256
256
256
256
256
256
256
256
256
256
256
256
256
256
256
256
256
256
256
)
;
    }
}


// ************************************************************************* //
