/*--------------------------------*- C++ -*----------------------------------*\
| =========                 |                                                 |
| \\      /  F ield         | OpenFOAM: The Open Source CFD Toolbox           |
|  \\    /   O peration     | Version:  4.x                                   |
|   \\  /    A nd           | Web:      www.OpenFOAM.org                      |
|    \\/     M anipulation  |                                                 |
\*---------------------------------------------------------------------------*/
FoamFile
{
    version     2.0;
    format      ascii;
    class       volScalarField;
    location    "0";
    object      nut;
}
// * * * * * * * * * * * * * * * * * * * * * * * * * * * * * * * * * * * * * //

dimensions      [0 2 -1 0 0 0 0];

internalField   nonuniform List<scalar> 
6552
(
2.99012e-10
2.99015e-10
2.99017e-10
2.99021e-10
2.99024e-10
2.99028e-10
2.99032e-10
2.99036e-10
2.99039e-10
2.99043e-10
2.99046e-10
2.99049e-10
2.99052e-10
2.99054e-10
2.99055e-10
2.99056e-10
2.99056e-10
2.99056e-10
2.99055e-10
2.99053e-10
2.99051e-10
2.99048e-10
2.99045e-10
2.99042e-10
2.99038e-10
2.99034e-10
2.9903e-10
2.99027e-10
2.99023e-10
2.99019e-10
2.99016e-10
2.99014e-10
2.99011e-10
2.9901e-10
2.99008e-10
2.99008e-10
2.99008e-10
2.99009e-10
2.9901e-10
9.85266e-10
9.85267e-10
9.85269e-10
9.85272e-10
9.85274e-10
9.85277e-10
9.85279e-10
9.8528e-10
9.85281e-10
9.85281e-10
9.85281e-10
9.85279e-10
9.85278e-10
9.85276e-10
9.85273e-10
9.8527e-10
9.85267e-10
9.85264e-10
9.85261e-10
9.85258e-10
9.85255e-10
9.85252e-10
9.85249e-10
9.85247e-10
9.85245e-10
9.85244e-10
9.85243e-10
9.85242e-10
9.85242e-10
9.85243e-10
9.85244e-10
9.85245e-10
9.85247e-10
9.85249e-10
9.85252e-10
9.85255e-10
9.85258e-10
9.85261e-10
9.85264e-10
1.58731e-08
1.58731e-08
1.58731e-08
1.58731e-08
1.58731e-08
1.58731e-08
1.58731e-08
1.5873e-08
1.5873e-08
1.58729e-08
1.58729e-08
1.58728e-08
1.58727e-08
1.58727e-08
1.58726e-08
1.58725e-08
1.58724e-08
1.58724e-08
1.58723e-08
1.58723e-08
1.58723e-08
1.58723e-08
1.58723e-08
1.58723e-08
1.58723e-08
1.58723e-08
1.58724e-08
1.58724e-08
1.58725e-08
1.58725e-08
1.58726e-08
1.58727e-08
1.58728e-08
1.58728e-08
1.58729e-08
1.5873e-08
1.5873e-08
1.58731e-08
1.58731e-08
1.22009e-07
1.22009e-07
1.22009e-07
1.22008e-07
1.22008e-07
1.22008e-07
1.22008e-07
1.22008e-07
1.22007e-07
1.22007e-07
1.22007e-07
1.22006e-07
1.22005e-07
1.22005e-07
1.22004e-07
1.22004e-07
1.22003e-07
1.22003e-07
1.22002e-07
1.22002e-07
1.22002e-07
1.22002e-07
1.22002e-07
1.22002e-07
1.22002e-07
1.22002e-07
1.22002e-07
1.22003e-07
1.22003e-07
1.22004e-07
1.22005e-07
1.22005e-07
1.22006e-07
1.22006e-07
1.22007e-07
1.22007e-07
1.22008e-07
1.22008e-07
1.22009e-07
5.34936e-07
5.34935e-07
5.34935e-07
5.34934e-07
5.34934e-07
5.34933e-07
5.34933e-07
5.34931e-07
5.3493e-07
5.34928e-07
5.34926e-07
5.34923e-07
5.34921e-07
5.34918e-07
5.34916e-07
5.34913e-07
5.34911e-07
5.34909e-07
5.34907e-07
5.34906e-07
5.34905e-07
5.34905e-07
5.34904e-07
5.34905e-07
5.34906e-07
5.34907e-07
5.34908e-07
5.3491e-07
5.34913e-07
5.34915e-07
5.34918e-07
5.3492e-07
5.34923e-07
5.34926e-07
5.34928e-07
5.3493e-07
5.34932e-07
5.34934e-07
5.34936e-07
1.59726e-06
1.59725e-06
1.59725e-06
1.59725e-06
1.59725e-06
1.59725e-06
1.59724e-06
1.59724e-06
1.59724e-06
1.59723e-06
1.59723e-06
1.59722e-06
1.59721e-06
1.5972e-06
1.5972e-06
1.59719e-06
1.59718e-06
1.59718e-06
1.59717e-06
1.59717e-06
1.59717e-06
1.59717e-06
1.59717e-06
1.59717e-06
1.59717e-06
1.59717e-06
1.59718e-06
1.59719e-06
1.59719e-06
1.5972e-06
1.59721e-06
1.59721e-06
1.59722e-06
1.59723e-06
1.59724e-06
1.59724e-06
1.59725e-06
1.59725e-06
1.59726e-06
3.5962e-06
3.59619e-06
3.59619e-06
3.59618e-06
3.59618e-06
3.59617e-06
3.59617e-06
3.59616e-06
3.59615e-06
3.59614e-06
3.59613e-06
3.59611e-06
3.5961e-06
3.59608e-06
3.59607e-06
3.59606e-06
3.59605e-06
3.59603e-06
3.59603e-06
3.59602e-06
3.59602e-06
3.59601e-06
3.59602e-06
3.59602e-06
3.59602e-06
3.59603e-06
3.59604e-06
3.59605e-06
3.59607e-06
3.59608e-06
3.5961e-06
3.59611e-06
3.59613e-06
3.59614e-06
3.59616e-06
3.59617e-06
3.59618e-06
3.59619e-06
3.5962e-06
6.58447e-06
6.58446e-06
6.58445e-06
6.58445e-06
6.58444e-06
6.58443e-06
6.58442e-06
6.58441e-06
6.58439e-06
6.58437e-06
6.58435e-06
6.58433e-06
6.58431e-06
6.58429e-06
6.58427e-06
6.58425e-06
6.58423e-06
6.58421e-06
6.5842e-06
6.58419e-06
6.58418e-06
6.58418e-06
6.58419e-06
6.58419e-06
6.5842e-06
6.58422e-06
6.58423e-06
6.58425e-06
6.58428e-06
6.5843e-06
6.58432e-06
6.58435e-06
6.58437e-06
6.5844e-06
6.58442e-06
6.58444e-06
6.58445e-06
6.58446e-06
6.58448e-06
1.04161e-05
1.0416e-05
1.0416e-05
1.0416e-05
1.0416e-05
1.0416e-05
1.0416e-05
1.0416e-05
1.04159e-05
1.04159e-05
1.04159e-05
1.04159e-05
1.04158e-05
1.04158e-05
1.04158e-05
1.04157e-05
1.04157e-05
1.04157e-05
1.04157e-05
1.04157e-05
1.04157e-05
1.04157e-05
1.04157e-05
1.04157e-05
1.04157e-05
1.04157e-05
1.04157e-05
1.04158e-05
1.04158e-05
1.04158e-05
1.04159e-05
1.04159e-05
1.04159e-05
1.0416e-05
1.0416e-05
1.0416e-05
1.0416e-05
1.0416e-05
1.04161e-05
1.47708e-05
1.47709e-05
1.47709e-05
1.4771e-05
1.4771e-05
1.47711e-05
1.47711e-05
1.47711e-05
1.47711e-05
1.47711e-05
1.47711e-05
1.47711e-05
1.4771e-05
1.4771e-05
1.47709e-05
1.47709e-05
1.47708e-05
1.47708e-05
1.47707e-05
1.47706e-05
1.47706e-05
1.47705e-05
1.47704e-05
1.47704e-05
1.47704e-05
1.47703e-05
1.47703e-05
1.47703e-05
1.47703e-05
1.47703e-05
1.47703e-05
1.47704e-05
1.47704e-05
1.47705e-05
1.47705e-05
1.47706e-05
1.47707e-05
1.47707e-05
1.47708e-05
1.93463e-05
1.93464e-05
1.93465e-05
1.93466e-05
1.93466e-05
1.93467e-05
1.93467e-05
1.93468e-05
1.93468e-05
1.93467e-05
1.93467e-05
1.93467e-05
1.93466e-05
1.93465e-05
1.93464e-05
1.93463e-05
1.93462e-05
1.93461e-05
1.9346e-05
1.93459e-05
1.93458e-05
1.93457e-05
1.93456e-05
1.93456e-05
1.93455e-05
1.93455e-05
1.93455e-05
1.93455e-05
1.93455e-05
1.93455e-05
1.93455e-05
1.93456e-05
1.93457e-05
1.93458e-05
1.93459e-05
1.9346e-05
1.93461e-05
1.93462e-05
1.93463e-05
2.43342e-05
2.43343e-05
2.43344e-05
2.43345e-05
2.43345e-05
2.43346e-05
2.43346e-05
2.43346e-05
2.43346e-05
2.43346e-05
2.43345e-05
2.43344e-05
2.43343e-05
2.43342e-05
2.4334e-05
2.43339e-05
2.43337e-05
2.43336e-05
2.43334e-05
2.43333e-05
2.43332e-05
2.4333e-05
2.43329e-05
2.43329e-05
2.43328e-05
2.43328e-05
2.43328e-05
2.43328e-05
2.43328e-05
2.43329e-05
2.4333e-05
2.43331e-05
2.43332e-05
2.43333e-05
2.43335e-05
2.43336e-05
2.43338e-05
2.43339e-05
2.43341e-05
2.97179e-05
2.9718e-05
2.97181e-05
2.97182e-05
2.97183e-05
2.97183e-05
2.97183e-05
2.97183e-05
2.97182e-05
2.97181e-05
2.9718e-05
2.97178e-05
2.97177e-05
2.97175e-05
2.97173e-05
2.97171e-05
2.97168e-05
2.97166e-05
2.97164e-05
2.97163e-05
2.97161e-05
2.9716e-05
2.97159e-05
2.97158e-05
2.97157e-05
2.97157e-05
2.97158e-05
2.97158e-05
2.97159e-05
2.9716e-05
2.97162e-05
2.97164e-05
2.97166e-05
2.97168e-05
2.9717e-05
2.97172e-05
2.97174e-05
2.97176e-05
2.97178e-05
3.54536e-05
3.54537e-05
3.54538e-05
3.54539e-05
3.54539e-05
3.54539e-05
3.54539e-05
3.54538e-05
3.54536e-05
3.54534e-05
3.54532e-05
3.5453e-05
3.54527e-05
3.54524e-05
3.54522e-05
3.54519e-05
3.54516e-05
3.54513e-05
3.54511e-05
3.54509e-05
3.54507e-05
3.54506e-05
3.54505e-05
3.54505e-05
3.54505e-05
3.54505e-05
3.54506e-05
3.54507e-05
3.54509e-05
3.54511e-05
3.54514e-05
3.54516e-05
3.54519e-05
3.54522e-05
3.54525e-05
3.54527e-05
3.5453e-05
3.54533e-05
3.54535e-05
4.14954e-05
4.14955e-05
4.14956e-05
4.14956e-05
4.14956e-05
4.14955e-05
4.14953e-05
4.14951e-05
4.14949e-05
4.14946e-05
4.14942e-05
4.14939e-05
4.14935e-05
4.14932e-05
4.14928e-05
4.14924e-05
4.14921e-05
4.14918e-05
4.14916e-05
4.14913e-05
4.14912e-05
4.14911e-05
4.1491e-05
4.14911e-05
4.14911e-05
4.14913e-05
4.14915e-05
4.14917e-05
4.1492e-05
4.14923e-05
4.14927e-05
4.1493e-05
4.14934e-05
4.14938e-05
4.14941e-05
4.14945e-05
4.14948e-05
4.1495e-05
4.14953e-05
4.77896e-05
4.77896e-05
4.77896e-05
4.77896e-05
4.77895e-05
4.77892e-05
4.7789e-05
4.77887e-05
4.77883e-05
4.77879e-05
4.77874e-05
4.7787e-05
4.77865e-05
4.7786e-05
4.77856e-05
4.77852e-05
4.77848e-05
4.77845e-05
4.77843e-05
4.77841e-05
4.7784e-05
4.7784e-05
4.7784e-05
4.77841e-05
4.77843e-05
4.77846e-05
4.77849e-05
4.77853e-05
4.77857e-05
4.77861e-05
4.77866e-05
4.7787e-05
4.77875e-05
4.77879e-05
4.77884e-05
4.77887e-05
4.77891e-05
4.77893e-05
4.77895e-05
5.43015e-05
5.43015e-05
5.43014e-05
5.43012e-05
5.43009e-05
5.43006e-05
5.43002e-05
5.42997e-05
5.42992e-05
5.42987e-05
5.42981e-05
5.42975e-05
5.4297e-05
5.42965e-05
5.4296e-05
5.42956e-05
5.42953e-05
5.4295e-05
5.42948e-05
5.42947e-05
5.42947e-05
5.42948e-05
5.42949e-05
5.42952e-05
5.42955e-05
5.42959e-05
5.42964e-05
5.42969e-05
5.42974e-05
5.4298e-05
5.42985e-05
5.42991e-05
5.42996e-05
5.43001e-05
5.43005e-05
5.43009e-05
5.43012e-05
5.43014e-05
5.43016e-05
6.09986e-05
6.09984e-05
6.09981e-05
6.09978e-05
6.09974e-05
6.09969e-05
6.09963e-05
6.09957e-05
6.0995e-05
6.09944e-05
6.09938e-05
6.09931e-05
6.09926e-05
6.0992e-05
6.09916e-05
6.09912e-05
6.09909e-05
6.09907e-05
6.09906e-05
6.09907e-05
6.09908e-05
6.0991e-05
6.09913e-05
6.09918e-05
6.09922e-05
6.09928e-05
6.09934e-05
6.0994e-05
6.09947e-05
6.09953e-05
6.0996e-05
6.09966e-05
6.09971e-05
6.09976e-05
6.0998e-05
6.09984e-05
6.09986e-05
6.09987e-05
6.09987e-05
6.78493e-05
6.7849e-05
6.78485e-05
6.7848e-05
6.78474e-05
6.78468e-05
6.78461e-05
6.78453e-05
6.78446e-05
6.78439e-05
6.78432e-05
6.78426e-05
6.7842e-05
6.78415e-05
6.78411e-05
6.78409e-05
6.78407e-05
6.78407e-05
6.78407e-05
6.78409e-05
6.78412e-05
6.78416e-05
6.78421e-05
6.78427e-05
6.78434e-05
6.78441e-05
6.78448e-05
6.78455e-05
6.78462e-05
6.78469e-05
6.78476e-05
6.78482e-05
6.78487e-05
6.78492e-05
6.78495e-05
6.78497e-05
6.78498e-05
6.78498e-05
6.78496e-05
7.48255e-05
7.48249e-05
7.48243e-05
7.48236e-05
7.48229e-05
7.48221e-05
7.48213e-05
7.48205e-05
7.48197e-05
7.4819e-05
7.48184e-05
7.48178e-05
7.48173e-05
7.48169e-05
7.48167e-05
7.48166e-05
7.48166e-05
7.48167e-05
7.4817e-05
7.48174e-05
7.48179e-05
7.48185e-05
7.48191e-05
7.48199e-05
7.48207e-05
7.48215e-05
7.48223e-05
7.48231e-05
7.48238e-05
7.48245e-05
7.48251e-05
7.48257e-05
7.48261e-05
7.48264e-05
7.48266e-05
7.48266e-05
7.48265e-05
7.48263e-05
7.4826e-05
8.19019e-05
8.19012e-05
8.19004e-05
8.18996e-05
8.18987e-05
8.18979e-05
8.1897e-05
8.18962e-05
8.18955e-05
8.18948e-05
8.18942e-05
8.18938e-05
8.18935e-05
8.18933e-05
8.18932e-05
8.18933e-05
8.18935e-05
8.18939e-05
8.18944e-05
8.1895e-05
8.18956e-05
8.18964e-05
8.18972e-05
8.18981e-05
8.1899e-05
8.18998e-05
8.19007e-05
8.19014e-05
8.19021e-05
8.19028e-05
8.19033e-05
8.19037e-05
8.19039e-05
8.1904e-05
8.1904e-05
8.19039e-05
8.19036e-05
8.19031e-05
8.19026e-05
8.90563e-05
8.90555e-05
8.90546e-05
8.90537e-05
8.90528e-05
8.90519e-05
8.90511e-05
8.90503e-05
8.90497e-05
8.90492e-05
8.90487e-05
8.90485e-05
8.90484e-05
8.90484e-05
8.90486e-05
8.90489e-05
8.90493e-05
8.90499e-05
8.90506e-05
8.90514e-05
8.90522e-05
8.90531e-05
8.9054e-05
8.9055e-05
8.90559e-05
8.90567e-05
8.90575e-05
8.90582e-05
8.90588e-05
8.90593e-05
8.90596e-05
8.90598e-05
8.90598e-05
8.90597e-05
8.90595e-05
8.90591e-05
8.90586e-05
8.90579e-05
8.90572e-05
9.62691e-05
9.62682e-05
9.62672e-05
9.62663e-05
9.62654e-05
9.62646e-05
9.62639e-05
9.62633e-05
9.62628e-05
9.62625e-05
9.62623e-05
9.62623e-05
9.62624e-05
9.62626e-05
9.62631e-05
9.62636e-05
9.62643e-05
9.62651e-05
9.62659e-05
9.62669e-05
9.62678e-05
9.62688e-05
9.62697e-05
9.62707e-05
9.62715e-05
9.62723e-05
9.6273e-05
9.62735e-05
9.62739e-05
9.62742e-05
9.62743e-05
9.62742e-05
9.6274e-05
9.62737e-05
9.62732e-05
9.62726e-05
9.62718e-05
9.6271e-05
9.62701e-05
0.000103523
0.000103522
0.000103521
0.00010352
0.000103519
0.000103519
0.000103518
0.000103518
0.000103517
0.000103517
0.000103517
0.000103518
0.000103518
0.000103519
0.000103519
0.00010352
0.000103521
0.000103522
0.000103523
0.000103524
0.000103525
0.000103526
0.000103527
0.000103528
0.000103528
0.000103529
0.000103529
0.00010353
0.00010353
0.00010353
0.00010353
0.000103529
0.000103529
0.000103528
0.000103528
0.000103527
0.000103526
0.000103525
0.000103524
0.000110802
0.000110801
0.0001108
0.0001108
0.000110799
0.000110799
0.000110798
0.000110798
0.000110798
0.000110798
0.000110799
0.000110799
0.0001108
0.0001108
0.000110801
0.000110802
0.000110803
0.000110804
0.000110805
0.000110806
0.000110807
0.000110808
0.000110809
0.00011081
0.00011081
0.000110811
0.000110811
0.000110811
0.000110811
0.000110811
0.00011081
0.00011081
0.000110809
0.000110808
0.000110807
0.000110806
0.000110805
0.000110804
0.000110803
0.000118093
0.000118092
0.000118092
0.000118091
0.000118091
0.00011809
0.00011809
0.000118091
0.000118091
0.000118091
0.000118092
0.000118093
0.000118093
0.000118094
0.000118095
0.000118096
0.000118097
0.000118099
0.0001181
0.000118101
0.000118101
0.000118102
0.000118103
0.000118103
0.000118104
0.000118104
0.000118104
0.000118103
0.000118103
0.000118103
0.000118102
0.000118101
0.0001181
0.000118099
0.000118098
0.000118097
0.000118096
0.000118095
0.000118094
0.000125384
0.000125383
0.000125382
0.000125382
0.000125382
0.000125382
0.000125382
0.000125383
0.000125383
0.000125384
0.000125385
0.000125386
0.000125387
0.000125388
0.000125389
0.00012539
0.000125391
0.000125392
0.000125393
0.000125394
0.000125394
0.000125395
0.000125395
0.000125396
0.000125396
0.000125395
0.000125395
0.000125395
0.000125394
0.000125393
0.000125392
0.000125391
0.00012539
0.000125389
0.000125388
0.000125387
0.000125386
0.000125385
0.000125384
0.000132662
0.000132662
0.000132662
0.000132662
0.000132662
0.000132662
0.000132663
0.000132663
0.000132664
0.000132665
0.000132666
0.000132667
0.000132668
0.000132669
0.00013267
0.000132671
0.000132672
0.000132673
0.000132674
0.000132675
0.000132675
0.000132675
0.000132676
0.000132676
0.000132675
0.000132675
0.000132674
0.000132674
0.000132673
0.000132672
0.000132671
0.00013267
0.000132669
0.000132668
0.000132666
0.000132665
0.000132664
0.000132664
0.000132663
0.00013992
0.000139919
0.000139919
0.00013992
0.00013992
0.000139921
0.000139921
0.000139922
0.000139923
0.000139924
0.000139925
0.000139926
0.000139928
0.000139929
0.00013993
0.000139931
0.000139932
0.000139932
0.000139933
0.000139933
0.000139934
0.000139934
0.000139934
0.000139933
0.000139933
0.000139932
0.000139931
0.000139931
0.00013993
0.000139928
0.000139927
0.000139926
0.000139925
0.000139924
0.000139923
0.000139922
0.000139921
0.00013992
0.00013992
0.000147146
0.000147147
0.000147147
0.000147147
0.000147148
0.000147149
0.000147149
0.00014715
0.000147152
0.000147153
0.000147154
0.000147155
0.000147156
0.000147157
0.000147158
0.000147159
0.00014716
0.00014716
0.000147161
0.000147161
0.000147161
0.000147161
0.000147161
0.00014716
0.000147159
0.000147159
0.000147158
0.000147157
0.000147155
0.000147154
0.000147153
0.000147152
0.000147151
0.00014715
0.000147149
0.000147148
0.000147147
0.000147147
0.000147147
0.000154335
0.000154335
0.000154336
0.000154336
0.000154337
0.000154338
0.000154339
0.00015434
0.000154341
0.000154342
0.000154344
0.000154345
0.000154346
0.000154347
0.000154348
0.000154349
0.000154349
0.00015435
0.00015435
0.00015435
0.00015435
0.000154349
0.000154349
0.000154348
0.000154347
0.000154346
0.000154345
0.000154344
0.000154343
0.000154341
0.00015434
0.000154339
0.000154338
0.000154337
0.000154336
0.000154336
0.000154335
0.000154335
0.000154335
0.000161478
0.000161478
0.000161479
0.00016148
0.000161481
0.000161482
0.000161483
0.000161484
0.000161485
0.000161487
0.000161488
0.000161489
0.00016149
0.000161491
0.000161492
0.000161492
0.000161493
0.000161493
0.000161493
0.000161493
0.000161492
0.000161492
0.000161491
0.00016149
0.000161489
0.000161488
0.000161487
0.000161486
0.000161484
0.000161483
0.000161482
0.000161481
0.00016148
0.000161479
0.000161479
0.000161478
0.000161478
0.000161478
0.000161478
0.00016857
0.000168571
0.000168571
0.000168572
0.000168573
0.000168574
0.000168576
0.000168577
0.000168578
0.000168579
0.00016858
0.000168581
0.000168582
0.000168583
0.000168584
0.000168584
0.000168585
0.000168585
0.000168584
0.000168584
0.000168584
0.000168583
0.000168582
0.000168581
0.00016858
0.000168579
0.000168578
0.000168577
0.000168575
0.000168574
0.000168573
0.000168572
0.000168571
0.000168571
0.00016857
0.00016857
0.00016857
0.00016857
0.00016857
0.000175607
0.000175608
0.000175609
0.00017561
0.000175611
0.000175612
0.000175613
0.000175614
0.000175615
0.000175617
0.000175618
0.000175619
0.000175619
0.00017562
0.000175621
0.000175621
0.000175621
0.000175621
0.000175621
0.000175621
0.00017562
0.000175619
0.000175618
0.000175617
0.000175616
0.000175615
0.000175614
0.000175613
0.000175611
0.00017561
0.000175609
0.000175608
0.000175608
0.000175607
0.000175607
0.000175606
0.000175606
0.000175606
0.000175607
0.000182588
0.000182588
0.000182589
0.00018259
0.000182591
0.000182592
0.000182594
0.000182595
0.000182596
0.000182597
0.000182598
0.000182599
0.0001826
0.0001826
0.000182601
0.000182601
0.000182601
0.000182601
0.000182601
0.0001826
0.0001826
0.000182599
0.000182598
0.000182597
0.000182596
0.000182595
0.000182593
0.000182592
0.000182591
0.00018259
0.000182589
0.000182588
0.000182588
0.000182587
0.000182587
0.000182587
0.000182587
0.000182587
0.000182587
0.000189513
0.000189514
0.000189515
0.000189516
0.000189517
0.000189518
0.000189519
0.00018952
0.000189521
0.000189522
0.000189523
0.000189524
0.000189525
0.000189526
0.000189526
0.000189526
0.000189526
0.000189526
0.000189526
0.000189525
0.000189525
0.000189524
0.000189523
0.000189522
0.000189521
0.00018952
0.000189519
0.000189517
0.000189516
0.000189515
0.000189514
0.000189514
0.000189513
0.000189513
0.000189512
0.000189512
0.000189512
0.000189512
0.000189513
0.000196391
0.000196392
0.000196393
0.000196394
0.000196395
0.000196396
0.000196397
0.000196398
0.000196399
0.0001964
0.000196401
0.000196402
0.000196402
0.000196403
0.000196403
0.000196404
0.000196404
0.000196404
0.000196403
0.000196403
0.000196402
0.000196401
0.000196401
0.0001964
0.000196399
0.000196397
0.000196396
0.000196395
0.000196394
0.000196393
0.000196392
0.000196392
0.000196391
0.00019639
0.00019639
0.00019639
0.00019639
0.00019639
0.000196391
0.000203236
0.000203237
0.000203238
0.000203239
0.00020324
0.000203241
0.000203242
0.000203243
0.000203244
0.000203245
0.000203246
0.000203247
0.000203247
0.000203248
0.000203248
0.000203248
0.000203249
0.000203249
0.000203248
0.000203248
0.000203247
0.000203247
0.000203246
0.000203245
0.000203244
0.000203243
0.000203242
0.000203241
0.00020324
0.000203239
0.000203238
0.000203237
0.000203237
0.000203236
0.000203236
0.000203236
0.000203236
0.000203236
0.000203236
0.000210076
0.000210076
0.000210077
0.000210078
0.000210079
0.000210079
0.00021008
0.000210081
0.000210082
0.000210083
0.000210084
0.000210085
0.000210086
0.000210087
0.000210087
0.000210087
0.000210088
0.000210088
0.000210087
0.000210087
0.000210087
0.000210086
0.000210085
0.000210084
0.000210083
0.000210082
0.000210081
0.00021008
0.000210079
0.000210079
0.000210078
0.000210077
0.000210076
0.000210076
0.000210075
0.000210075
0.000210075
0.000210075
0.000210075
0.000216951
0.000216951
0.000216952
0.000216952
0.000216953
0.000216954
0.000216955
0.000216956
0.000216957
0.000216958
0.000216959
0.00021696
0.00021696
0.000216961
0.000216962
0.000216962
0.000216962
0.000216962
0.000216962
0.000216962
0.000216962
0.000216961
0.000216961
0.00021696
0.000216959
0.000216958
0.000216957
0.000216956
0.000216955
0.000216954
0.000216953
0.000216953
0.000216952
0.000216951
0.000216951
0.00021695
0.00021695
0.00021695
0.00021695
0.000223922
0.000223923
0.000223923
0.000223924
0.000223924
0.000223925
0.000223926
0.000223927
0.000223928
0.000223929
0.00022393
0.000223931
0.000223932
0.000223932
0.000223933
0.000223934
0.000223934
0.000223934
0.000223934
0.000223934
0.000223934
0.000223934
0.000223933
0.000223932
0.000223932
0.000223931
0.00022393
0.000223929
0.000223928
0.000223927
0.000223926
0.000223925
0.000223924
0.000223924
0.000223923
0.000223923
0.000223922
0.000223922
0.000223922
0.000231072
0.000231072
0.000231072
0.000231072
0.000231073
0.000231074
0.000231075
0.000231076
0.000231076
0.000231077
0.000231078
0.000231079
0.00023108
0.000231081
0.000231082
0.000231083
0.000231083
0.000231084
0.000231084
0.000231084
0.000231084
0.000231083
0.000231083
0.000231083
0.000231082
0.000231081
0.00023108
0.000231079
0.000231078
0.000231077
0.000231076
0.000231075
0.000231075
0.000231074
0.000231073
0.000231072
0.000231072
0.000231072
0.000231072
0.000238493
0.000238493
0.000238493
0.000238493
0.000238494
0.000238494
0.000238495
0.000238496
0.000238497
0.000238498
0.000238499
0.0002385
0.000238501
0.000238502
0.000238503
0.000238504
0.000238504
0.000238505
0.000238505
0.000238506
0.000238506
0.000238505
0.000238505
0.000238505
0.000238504
0.000238504
0.000238503
0.000238502
0.000238501
0.0002385
0.000238499
0.000238498
0.000238497
0.000238496
0.000238495
0.000238494
0.000238494
0.000238493
0.000238493
0.000246271
0.000246271
0.000246271
0.000246271
0.000246272
0.000246272
0.000246273
0.000246274
0.000246275
0.000246276
0.000246277
0.000246278
0.000246279
0.00024628
0.000246281
0.000246282
0.000246283
0.000246284
0.000246285
0.000246285
0.000246285
0.000246285
0.000246285
0.000246285
0.000246284
0.000246284
0.000246283
0.000246282
0.000246281
0.00024628
0.000246279
0.000246278
0.000246277
0.000246276
0.000246275
0.000246274
0.000246273
0.000246272
0.000246272
0.000254433
0.000254433
0.000254433
0.000254433
0.000254433
0.000254433
0.000254434
0.000254435
0.000254436
0.000254437
0.000254438
0.000254439
0.00025444
0.000254441
0.000254443
0.000254444
0.000254445
0.000254446
0.000254446
0.000254447
0.000254447
0.000254448
0.000254448
0.000254447
0.000254447
0.000254447
0.000254446
0.000254445
0.000254444
0.000254443
0.000254442
0.000254441
0.000254439
0.000254438
0.000254437
0.000254436
0.000254435
0.000254434
0.000254434
0.000262839
0.000262838
0.000262838
0.000262838
0.000262838
0.000262838
0.000262839
0.00026284
0.00026284
0.000262841
0.000262842
0.000262843
0.000262845
0.000262846
0.000262847
0.000262848
0.000262849
0.00026285
0.000262851
0.000262852
0.000262852
0.000262853
0.000262853
0.000262853
0.000262853
0.000262852
0.000262852
0.000262851
0.00026285
0.000262849
0.000262848
0.000262847
0.000262846
0.000262844
0.000262843
0.000262842
0.000262841
0.00026284
0.00026284
0.000271002
0.000271001
0.000271001
0.000271001
0.000271001
0.000271001
0.000271001
0.000271002
0.000271002
0.000271003
0.000271004
0.000271004
0.000271005
0.000271006
0.000271007
0.000271008
0.000271009
0.000271009
0.00027101
0.000271011
0.000271011
0.000271012
0.000271012
0.000271012
0.000271012
0.000271012
0.000271011
0.000271011
0.00027101
0.00027101
0.000271009
0.000271008
0.000271007
0.000271006
0.000271005
0.000271005
0.000271004
0.000271003
0.000271002
0.000277797
0.000277797
0.000277797
0.000277797
0.000277797
0.000277796
0.000277796
0.000277796
0.000277796
0.000277796
0.000277796
0.000277796
0.000277796
0.000277796
0.000277796
0.000277796
0.000277796
0.000277796
0.000277796
0.000277796
0.000277796
0.000277796
0.000277796
0.000277796
0.000277796
0.000277796
0.000277796
0.000277797
0.000277797
0.000277797
0.000277797
0.000277797
0.000277797
0.000277797
0.000277797
0.000277797
0.000277797
0.000277797
0.000277797
0.000284123
0.000284123
0.000284123
0.000284123
0.000284123
0.000284123
0.000284123
0.000284123
0.000284123
0.000284123
0.000284123
0.000284123
0.000284123
0.000284123
0.000284123
0.000284123
0.000284123
0.000284123
0.000284123
0.000284123
0.000284123
0.000284123
0.000284123
0.000284123
0.000284123
0.000284123
0.000284123
0.000284123
0.000284123
0.000284123
0.000284123
0.000284123
0.000284123
0.000284123
0.000284123
0.000284123
0.000284123
0.000284123
0.000284123
0.000290355
0.000290355
0.000290355
0.000290355
0.000290355
0.000290355
0.000290355
0.000290355
0.000290355
0.000290355
0.000290355
0.000290355
0.000290355
0.000290355
0.000290355
0.000290355
0.000290355
0.000290355
0.000290355
0.000290355
0.000290355
0.000290355
0.000290355
0.000290355
0.000290355
0.000290355
0.000290355
0.000290355
0.000290355
0.000290355
0.000290355
0.000290355
0.000290355
0.000290355
0.000290355
0.000290355
0.000290355
0.000290355
0.000290355
0.000296491
0.000296491
0.000296491
0.000296491
0.000296491
0.000296491
0.000296491
0.00029649
0.00029649
0.00029649
0.00029649
0.00029649
0.00029649
0.00029649
0.00029649
0.00029649
0.00029649
0.00029649
0.00029649
0.00029649
0.00029649
0.00029649
0.00029649
0.00029649
0.000296491
0.000296491
0.000296491
0.000296491
0.000296491
0.000296491
0.000296491
0.000296491
0.000296491
0.000296491
0.000296491
0.000296491
0.000296491
0.000296491
0.000296491
0.000302529
0.000302529
0.000302529
0.000302529
0.000302529
0.000302528
0.000302528
0.000302528
0.000302528
0.000302528
0.000302528
0.000302528
0.000302528
0.000302528
0.000302528
0.000302528
0.000302528
0.000302528
0.000302528
0.000302528
0.000302528
0.000302528
0.000302528
0.000302528
0.000302528
0.000302528
0.000302528
0.000302529
0.000302529
0.000302529
0.000302529
0.000302529
0.000302529
0.000302529
0.000302529
0.000302529
0.000302529
0.000302529
0.000302529
0.000308468
0.000308467
0.000308467
0.000308467
0.000308467
0.000308467
0.000308467
0.000308467
0.000308467
0.000308467
0.000308467
0.000308467
0.000308467
0.000308467
0.000308467
0.000308467
0.000308467
0.000308467
0.000308467
0.000308467
0.000308467
0.000308467
0.000308467
0.000308467
0.000308467
0.000308467
0.000308467
0.000308467
0.000308467
0.000308467
0.000308467
0.000308468
0.000308468
0.000308468
0.000308468
0.000308468
0.000308468
0.000308468
0.000308468
0.000314306
0.000314306
0.000314306
0.000314306
0.000314306
0.000314306
0.000314306
0.000314306
0.000314306
0.000314306
0.000314306
0.000314306
0.000314306
0.000314306
0.000314306
0.000314306
0.000314306
0.000314306
0.000314306
0.000314306
0.000314306
0.000314306
0.000314306
0.000314306
0.000314306
0.000314306
0.000314306
0.000314306
0.000314306
0.000314306
0.000314306
0.000314306
0.000314306
0.000314306
0.000314306
0.000314306
0.000314306
0.000314306
0.000314306
0.000320044
0.000320044
0.000320044
0.000320044
0.000320044
0.000320044
0.000320044
0.000320044
0.000320044
0.000320044
0.000320043
0.000320043
0.000320043
0.000320043
0.000320043
0.000320043
0.000320043
0.000320043
0.000320043
0.000320043
0.000320043
0.000320043
0.000320043
0.000320043
0.000320043
0.000320043
0.000320043
0.000320044
0.000320044
0.000320044
0.000320044
0.000320044
0.000320044
0.000320044
0.000320044
0.000320044
0.000320044
0.000320044
0.000320044
0.000325679
0.000325679
0.000325679
0.000325679
0.000325679
0.000325679
0.000325679
0.000325679
0.000325679
0.000325679
0.000325679
0.000325679
0.000325679
0.000325679
0.000325679
0.000325679
0.000325679
0.000325679
0.000325679
0.000325679
0.000325679
0.000325679
0.000325679
0.000325679
0.000325679
0.000325679
0.000325679
0.000325679
0.000325679
0.000325679
0.000325679
0.000325679
0.000325679
0.000325679
0.000325679
0.000325679
0.000325679
0.000325679
0.000325679
0.000331211
0.000331211
0.000331211
0.000331211
0.000331211
0.000331211
0.000331211
0.000331211
0.000331211
0.000331211
0.000331211
0.000331211
0.000331211
0.000331211
0.000331211
0.000331211
0.000331211
0.000331211
0.000331211
0.000331211
0.000331211
0.000331211
0.000331211
0.000331211
0.000331211
0.000331211
0.000331211
0.000331211
0.000331211
0.000331211
0.000331211
0.000331211
0.000331211
0.000331211
0.000331211
0.000331211
0.000331211
0.000331211
0.000331211
0.000336639
0.000336639
0.000336639
0.000336639
0.000336639
0.000336639
0.000336639
0.000336639
0.000336639
0.000336639
0.000336639
0.000336639
0.000336639
0.000336639
0.000336639
0.000336639
0.000336639
0.000336639
0.000336639
0.000336639
0.000336639
0.000336639
0.000336639
0.000336639
0.000336639
0.000336639
0.000336639
0.000336639
0.000336639
0.000336639
0.000336639
0.000336639
0.000336639
0.000336639
0.000336639
0.000336639
0.000336639
0.000336639
0.000336639
0.000341962
0.000341962
0.000341962
0.000341962
0.000341962
0.000341962
0.000341962
0.000341962
0.000341962
0.000341962
0.000341962
0.000341962
0.000341962
0.000341962
0.000341962
0.000341962
0.000341962
0.000341962
0.000341962
0.000341962
0.000341962
0.000341962
0.000341962
0.000341962
0.000341962
0.000341962
0.000341962
0.000341962
0.000341962
0.000341962
0.000341962
0.000341962
0.000341962
0.000341962
0.000341962
0.000341962
0.000341962
0.000341962
0.000341962
0.000347178
0.000347178
0.000347178
0.000347178
0.000347178
0.000347178
0.000347178
0.000347178
0.000347178
0.000347178
0.000347178
0.000347178
0.000347178
0.000347178
0.000347178
0.000347178
0.000347178
0.000347178
0.000347178
0.000347178
0.000347178
0.000347178
0.000347178
0.000347178
0.000347178
0.000347178
0.000347178
0.000347178
0.000347178
0.000347178
0.000347178
0.000347178
0.000347178
0.000347178
0.000347178
0.000347178
0.000347178
0.000347178
0.000347178
0.000352286
0.000352286
0.000352286
0.000352286
0.000352286
0.000352286
0.000352286
0.000352286
0.000352286
0.000352286
0.000352286
0.000352286
0.000352286
0.000352286
0.000352286
0.000352286
0.000352286
0.000352286
0.000352286
0.000352286
0.000352286
0.000352286
0.000352286
0.000352286
0.000352286
0.000352286
0.000352286
0.000352286
0.000352286
0.000352286
0.000352286
0.000352286
0.000352286
0.000352286
0.000352286
0.000352286
0.000352286
0.000352286
0.000352286
0.000357284
0.000357284
0.000357284
0.000357284
0.000357284
0.000357284
0.000357284
0.000357284
0.000357284
0.000357284
0.000357284
0.000357284
0.000357284
0.000357284
0.000357284
0.000357284
0.000357284
0.000357284
0.000357284
0.000357284
0.000357284
0.000357284
0.000357284
0.000357284
0.000357284
0.000357284
0.000357284
0.000357284
0.000357284
0.000357284
0.000357284
0.000357284
0.000357284
0.000357284
0.000357284
0.000357284
0.000357284
0.000357284
0.000357284
0.000362168
0.000362168
0.000362168
0.000362168
0.000362168
0.000362168
0.000362168
0.000362168
0.000362168
0.000362168
0.000362168
0.000362168
0.000362168
0.000362168
0.000362168
0.000362168
0.000362168
0.000362168
0.000362168
0.000362168
0.000362168
0.000362168
0.000362168
0.000362168
0.000362168
0.000362168
0.000362168
0.000362168
0.000362168
0.000362168
0.000362168
0.000362168
0.000362168
0.000362168
0.000362168
0.000362168
0.000362168
0.000362168
0.000362168
0.000366936
0.000366936
0.000366936
0.000366936
0.000366936
0.000366936
0.000366936
0.000366936
0.000366936
0.000366936
0.000366936
0.000366936
0.000366936
0.000366936
0.000366936
0.000366936
0.000366936
0.000366936
0.000366936
0.000366936
0.000366936
0.000366936
0.000366936
0.000366936
0.000366936
0.000366936
0.000366936
0.000366936
0.000366936
0.000366936
0.000366936
0.000366936
0.000366936
0.000366936
0.000366936
0.000366936
0.000366936
0.000366936
0.000366936
0.000371583
0.000371583
0.000371583
0.000371583
0.000371583
0.000371583
0.000371583
0.000371583
0.000371583
0.000371583
0.000371583
0.000371583
0.000371583
0.000371583
0.000371583
0.000371583
0.000371583
0.000371583
0.000371583
0.000371583
0.000371583
0.000371583
0.000371583
0.000371583
0.000371583
0.000371583
0.000371583
0.000371583
0.000371583
0.000371583
0.000371583
0.000371583
0.000371583
0.000371583
0.000371583
0.000371583
0.000371583
0.000371583
0.000371583
0.000376107
0.000376107
0.000376107
0.000376107
0.000376108
0.000376108
0.000376108
0.000376108
0.000376108
0.000376108
0.000376108
0.000376108
0.000376108
0.000376108
0.000376108
0.000376108
0.000376108
0.000376108
0.000376108
0.000376108
0.000376108
0.000376108
0.000376108
0.000376108
0.000376108
0.000376108
0.000376108
0.000376108
0.000376108
0.000376108
0.000376108
0.000376108
0.000376108
0.000376108
0.000376108
0.000376108
0.000376108
0.000376108
0.000376108
0.000380506
0.000380506
0.000380506
0.000380506
0.000380506
0.000380506
0.000380506
0.000380506
0.000380506
0.000380506
0.000380506
0.000380506
0.000380506
0.000380506
0.000380506
0.000380506
0.000380506
0.000380506
0.000380506
0.000380506
0.000380506
0.000380506
0.000380506
0.000380506
0.000380506
0.000380506
0.000380506
0.000380506
0.000380506
0.000380506
0.000380506
0.000380506
0.000380506
0.000380506
0.000380506
0.000380506
0.000380506
0.000380506
0.000380506
0.000384774
0.000384774
0.000384774
0.000384774
0.000384774
0.000384774
0.000384774
0.000384774
0.000384774
0.000384774
0.000384774
0.000384774
0.000384774
0.000384774
0.000384774
0.000384774
0.000384774
0.000384774
0.000384774
0.000384774
0.000384774
0.000384774
0.000384774
0.000384774
0.000384774
0.000384774
0.000384774
0.000384774
0.000384774
0.000384774
0.000384774
0.000384774
0.000384774
0.000384774
0.000384774
0.000384774
0.000384774
0.000384774
0.000384774
0.000388908
0.000388908
0.000388908
0.000388908
0.000388908
0.000388908
0.000388908
0.000388908
0.000388908
0.000388908
0.000388908
0.000388908
0.000388908
0.000388908
0.000388908
0.000388908
0.000388908
0.000388908
0.000388908
0.000388908
0.000388908
0.000388908
0.000388908
0.000388908
0.000388908
0.000388908
0.000388908
0.000388908
0.000388908
0.000388908
0.000388908
0.000388908
0.000388908
0.000388908
0.000388908
0.000388908
0.000388908
0.000388908
0.000388908
0.0003929
0.0003929
0.0003929
0.0003929
0.0003929
0.0003929
0.0003929
0.0003929
0.0003929
0.0003929
0.0003929
0.0003929
0.0003929
0.0003929
0.0003929
0.0003929
0.0003929
0.0003929
0.0003929
0.0003929
0.0003929
0.0003929
0.0003929
0.0003929
0.0003929
0.0003929
0.0003929
0.0003929
0.0003929
0.0003929
0.0003929
0.0003929
0.0003929
0.0003929
0.0003929
0.0003929
0.0003929
0.0003929
0.0003929
0.00039674
0.00039674
0.00039674
0.00039674
0.00039674
0.00039674
0.00039674
0.00039674
0.00039674
0.00039674
0.00039674
0.00039674
0.00039674
0.00039674
0.00039674
0.00039674
0.00039674
0.00039674
0.00039674
0.00039674
0.00039674
0.00039674
0.00039674
0.00039674
0.00039674
0.00039674
0.00039674
0.00039674
0.00039674
0.00039674
0.00039674
0.00039674
0.00039674
0.00039674
0.00039674
0.00039674
0.00039674
0.00039674
0.00039674
0.000400416
0.000400416
0.000400416
0.000400416
0.000400416
0.000400416
0.000400416
0.000400416
0.000400416
0.000400416
0.000400416
0.000400416
0.000400416
0.000400416
0.000400416
0.000400416
0.000400416
0.000400416
0.000400416
0.000400416
0.000400416
0.000400416
0.000400416
0.000400416
0.000400416
0.000400416
0.000400416
0.000400416
0.000400416
0.000400416
0.000400416
0.000400416
0.000400416
0.000400416
0.000400416
0.000400416
0.000400416
0.000400416
0.000400416
0.000403914
0.000403914
0.000403914
0.000403914
0.000403914
0.000403914
0.000403914
0.000403914
0.000403914
0.000403914
0.000403914
0.000403914
0.000403914
0.000403914
0.000403914
0.000403914
0.000403914
0.000403914
0.000403914
0.000403914
0.000403914
0.000403914
0.000403914
0.000403914
0.000403914
0.000403914
0.000403914
0.000403914
0.000403914
0.000403914
0.000403914
0.000403914
0.000403914
0.000403914
0.000403914
0.000403914
0.000403914
0.000403914
0.000403914
0.000407222
0.000407222
0.000407222
0.000407222
0.000407222
0.000407222
0.000407222
0.000407222
0.000407222
0.000407222
0.000407222
0.000407222
0.000407222
0.000407222
0.000407222
0.000407222
0.000407222
0.000407222
0.000407222
0.000407222
0.000407222
0.000407222
0.000407222
0.000407222
0.000407222
0.000407222
0.000407222
0.000407222
0.000407222
0.000407222
0.000407222
0.000407222
0.000407222
0.000407222
0.000407222
0.000407222
0.000407222
0.000407222
0.000407222
0.000410323
0.000410323
0.000410323
0.000410323
0.000410323
0.000410323
0.000410323
0.000410323
0.000410323
0.000410323
0.000410323
0.000410323
0.000410323
0.000410323
0.000410323
0.000410323
0.000410323
0.000410323
0.000410323
0.000410323
0.000410323
0.000410323
0.000410323
0.000410323
0.000410323
0.000410323
0.000410323
0.000410323
0.000410323
0.000410323
0.000410323
0.000410323
0.000410323
0.000410323
0.000410323
0.000410323
0.000410323
0.000410323
0.000410323
0.000413202
0.000413202
0.000413202
0.000413202
0.000413202
0.000413202
0.000413202
0.000413202
0.000413202
0.000413202
0.000413202
0.000413202
0.000413202
0.000413202
0.000413202
0.000413202
0.000413202
0.000413202
0.000413202
0.000413202
0.000413202
0.000413202
0.000413202
0.000413202
0.000413202
0.000413202
0.000413202
0.000413202
0.000413202
0.000413202
0.000413202
0.000413202
0.000413202
0.000413202
0.000413202
0.000413202
0.000413202
0.000413202
0.000413202
0.000415841
0.000415841
0.000415841
0.000415841
0.000415841
0.000415841
0.000415841
0.000415841
0.000415841
0.000415841
0.000415841
0.000415841
0.000415841
0.000415841
0.000415841
0.000415841
0.000415841
0.000415841
0.000415841
0.000415841
0.000415841
0.000415841
0.000415841
0.000415841
0.000415841
0.000415841
0.000415841
0.000415841
0.000415841
0.000415841
0.000415841
0.000415841
0.000415841
0.000415841
0.000415841
0.000415841
0.000415841
0.000415841
0.000415841
0.00041822
0.00041822
0.00041822
0.00041822
0.00041822
0.00041822
0.00041822
0.00041822
0.00041822
0.00041822
0.00041822
0.00041822
0.00041822
0.00041822
0.00041822
0.00041822
0.00041822
0.00041822
0.00041822
0.00041822
0.00041822
0.00041822
0.00041822
0.00041822
0.00041822
0.00041822
0.00041822
0.00041822
0.00041822
0.00041822
0.00041822
0.00041822
0.00041822
0.00041822
0.00041822
0.00041822
0.00041822
0.00041822
0.00041822
0.000420319
0.000420319
0.000420319
0.000420319
0.000420319
0.000420319
0.000420319
0.000420319
0.000420319
0.000420319
0.000420319
0.000420319
0.000420319
0.000420319
0.000420319
0.000420319
0.000420319
0.000420319
0.000420319
0.000420319
0.000420319
0.000420319
0.000420319
0.000420319
0.000420319
0.000420319
0.000420319
0.000420319
0.000420319
0.000420319
0.000420319
0.000420319
0.000420319
0.000420319
0.000420319
0.000420319
0.000420319
0.000420319
0.000420319
0.000422118
0.000422118
0.000422118
0.000422118
0.000422118
0.000422118
0.000422118
0.000422118
0.000422118
0.000422118
0.000422118
0.000422118
0.000422118
0.000422118
0.000422118
0.000422118
0.000422118
0.000422118
0.000422118
0.000422118
0.000422118
0.000422118
0.000422118
0.000422118
0.000422118
0.000422118
0.000422118
0.000422118
0.000422118
0.000422118
0.000422118
0.000422118
0.000422118
0.000422118
0.000422118
0.000422118
0.000422118
0.000422118
0.000422118
0.000423597
0.000423597
0.000423597
0.000423597
0.000423597
0.000423597
0.000423597
0.000423597
0.000423597
0.000423597
0.000423597
0.000423597
0.000423597
0.000423597
0.000423597
0.000423597
0.000423597
0.000423597
0.000423597
0.000423597
0.000423597
0.000423597
0.000423597
0.000423597
0.000423597
0.000423597
0.000423597
0.000423597
0.000423597
0.000423597
0.000423597
0.000423597
0.000423597
0.000423597
0.000423597
0.000423597
0.000423597
0.000423597
0.000423597
0.000424734
0.000424734
0.000424734
0.000424734
0.000424734
0.000424734
0.000424734
0.000424734
0.000424734
0.000424734
0.000424734
0.000424734
0.000424734
0.000424734
0.000424734
0.000424734
0.000424734
0.000424734
0.000424734
0.000424734
0.000424734
0.000424734
0.000424734
0.000424734
0.000424734
0.000424734
0.000424734
0.000424734
0.000424734
0.000424734
0.000424734
0.000424734
0.000424734
0.000424734
0.000424734
0.000424734
0.000424734
0.000424734
0.000424734
0.000425509
0.000425509
0.000425509
0.000425509
0.000425509
0.000425509
0.000425509
0.000425509
0.000425509
0.000425509
0.000425509
0.000425509
0.000425509
0.000425509
0.000425509
0.000425509
0.000425509
0.000425509
0.000425509
0.000425509
0.000425509
0.000425509
0.000425509
0.000425509
0.000425509
0.000425509
0.000425509
0.000425509
0.000425509
0.000425509
0.000425509
0.000425509
0.000425509
0.000425509
0.000425509
0.000425509
0.000425509
0.000425509
0.000425509
0.000425906
0.000425906
0.000425906
0.000425906
0.000425906
0.000425906
0.000425906
0.000425906
0.000425906
0.000425906
0.000425906
0.000425906
0.000425906
0.000425906
0.000425906
0.000425906
0.000425906
0.000425906
0.000425906
0.000425906
0.000425906
0.000425906
0.000425906
0.000425906
0.000425906
0.000425906
0.000425906
0.000425906
0.000425906
0.000425906
0.000425906
0.000425906
0.000425906
0.000425906
0.000425906
0.000425906
0.000425906
0.000425906
0.000425906
0.000425906
0.000425906
0.000425906
0.000425906
0.000425906
0.000425906
0.000425906
0.000425906
0.000425906
0.000425906
0.000425906
0.000425906
0.000425906
0.000425906
0.000425906
0.000425906
0.000425906
0.000425906
0.000425906
0.000425906
0.000425906
0.000425906
0.000425906
0.000425906
0.000425906
0.000425906
0.000425906
0.000425906
0.000425906
0.000425906
0.000425906
0.000425906
0.000425906
0.000425906
0.000425906
0.000425906
0.000425906
0.000425906
0.000425906
0.000425509
0.000425509
0.000425509
0.000425509
0.000425509
0.000425509
0.000425509
0.000425509
0.000425509
0.000425509
0.000425509
0.000425509
0.000425509
0.000425509
0.000425509
0.000425509
0.000425509
0.000425509
0.000425509
0.000425509
0.000425509
0.000425509
0.000425509
0.000425509
0.000425509
0.000425509
0.000425509
0.000425509
0.000425509
0.000425509
0.000425509
0.000425509
0.000425509
0.000425509
0.000425509
0.000425509
0.000425509
0.000425509
0.000425509
0.000424733
0.000424733
0.000424733
0.000424733
0.000424733
0.000424733
0.000424733
0.000424733
0.000424733
0.000424733
0.000424733
0.000424733
0.000424733
0.000424733
0.000424733
0.000424733
0.000424733
0.000424733
0.000424733
0.000424733
0.000424733
0.000424733
0.000424733
0.000424733
0.000424733
0.000424733
0.000424733
0.000424733
0.000424733
0.000424733
0.000424733
0.000424733
0.000424733
0.000424733
0.000424733
0.000424733
0.000424733
0.000424733
0.000424733
0.000423596
0.000423596
0.000423596
0.000423596
0.000423596
0.000423596
0.000423596
0.000423596
0.000423596
0.000423596
0.000423596
0.000423596
0.000423596
0.000423596
0.000423596
0.000423596
0.000423596
0.000423596
0.000423596
0.000423596
0.000423596
0.000423596
0.000423596
0.000423596
0.000423596
0.000423596
0.000423596
0.000423596
0.000423596
0.000423596
0.000423596
0.000423596
0.000423596
0.000423596
0.000423596
0.000423596
0.000423596
0.000423596
0.000423596
0.000422118
0.000422118
0.000422118
0.000422118
0.000422118
0.000422118
0.000422118
0.000422118
0.000422118
0.000422118
0.000422118
0.000422118
0.000422118
0.000422118
0.000422118
0.000422118
0.000422118
0.000422118
0.000422118
0.000422118
0.000422118
0.000422118
0.000422118
0.000422118
0.000422118
0.000422118
0.000422118
0.000422118
0.000422118
0.000422118
0.000422118
0.000422118
0.000422118
0.000422118
0.000422118
0.000422118
0.000422118
0.000422118
0.000422118
0.000420318
0.000420318
0.000420318
0.000420318
0.000420318
0.000420318
0.000420318
0.000420318
0.000420318
0.000420318
0.000420318
0.000420318
0.000420318
0.000420318
0.000420319
0.000420319
0.000420319
0.000420319
0.000420319
0.000420319
0.000420319
0.000420319
0.000420319
0.000420319
0.000420319
0.000420319
0.000420319
0.000420319
0.000420319
0.000420319
0.000420319
0.000420319
0.000420319
0.000420319
0.000420319
0.000420319
0.000420319
0.000420319
0.000420319
0.000418219
0.000418219
0.000418219
0.000418219
0.000418219
0.000418219
0.000418219
0.000418219
0.000418219
0.000418219
0.000418219
0.000418219
0.000418219
0.000418219
0.000418219
0.000418219
0.000418219
0.000418219
0.000418219
0.000418219
0.000418219
0.000418219
0.000418219
0.000418219
0.000418219
0.000418219
0.000418219
0.000418219
0.000418219
0.000418219
0.000418219
0.000418219
0.000418219
0.000418219
0.000418219
0.000418219
0.000418219
0.000418219
0.000418219
0.00041584
0.00041584
0.00041584
0.00041584
0.00041584
0.00041584
0.00041584
0.00041584
0.00041584
0.00041584
0.00041584
0.00041584
0.00041584
0.00041584
0.00041584
0.00041584
0.00041584
0.00041584
0.00041584
0.00041584
0.00041584
0.00041584
0.00041584
0.00041584
0.00041584
0.00041584
0.00041584
0.00041584
0.00041584
0.00041584
0.00041584
0.00041584
0.00041584
0.00041584
0.00041584
0.00041584
0.00041584
0.00041584
0.00041584
0.000413201
0.000413201
0.000413201
0.000413201
0.000413201
0.000413201
0.000413201
0.000413201
0.000413201
0.000413201
0.000413201
0.000413201
0.000413201
0.000413201
0.000413201
0.000413201
0.000413201
0.000413201
0.000413202
0.000413202
0.000413202
0.000413202
0.000413202
0.000413202
0.000413202
0.000413202
0.000413202
0.000413202
0.000413202
0.000413202
0.000413202
0.000413202
0.000413202
0.000413202
0.000413202
0.000413202
0.000413202
0.000413202
0.000413202
0.000410322
0.000410322
0.000410322
0.000410322
0.000410322
0.000410322
0.000410322
0.000410322
0.000410322
0.000410322
0.000410322
0.000410322
0.000410322
0.000410322
0.000410322
0.000410322
0.000410323
0.000410323
0.000410323
0.000410323
0.000410323
0.000410323
0.000410323
0.000410323
0.000410323
0.000410323
0.000410323
0.000410323
0.000410323
0.000410323
0.000410323
0.000410323
0.000410323
0.000410323
0.000410323
0.000410323
0.000410323
0.000410323
0.000410323
0.000407221
0.000407221
0.000407221
0.000407221
0.000407221
0.000407221
0.000407221
0.000407221
0.000407221
0.000407221
0.000407221
0.000407221
0.000407221
0.000407221
0.000407221
0.000407221
0.000407221
0.000407221
0.000407221
0.000407221
0.000407221
0.000407221
0.000407221
0.000407221
0.000407221
0.000407221
0.000407221
0.000407221
0.000407221
0.000407221
0.000407221
0.000407221
0.000407221
0.000407221
0.000407221
0.000407221
0.000407221
0.000407221
0.000407221
0.000403913
0.000403913
0.000403913
0.000403913
0.000403913
0.000403913
0.000403913
0.000403913
0.000403913
0.000403913
0.000403913
0.000403913
0.000403913
0.000403913
0.000403913
0.000403913
0.000403913
0.000403913
0.000403913
0.000403913
0.000403913
0.000403913
0.000403913
0.000403913
0.000403913
0.000403913
0.000403913
0.000403913
0.000403913
0.000403913
0.000403913
0.000403913
0.000403913
0.000403913
0.000403913
0.000403913
0.000403913
0.000403913
0.000403913
0.000400415
0.000400415
0.000400415
0.000400415
0.000400415
0.000400415
0.000400415
0.000400415
0.000400415
0.000400415
0.000400415
0.000400415
0.000400415
0.000400415
0.000400415
0.000400415
0.000400415
0.000400415
0.000400415
0.000400415
0.000400415
0.000400415
0.000400415
0.000400415
0.000400415
0.000400415
0.000400415
0.000400415
0.000400415
0.000400415
0.000400415
0.000400415
0.000400415
0.000400415
0.000400415
0.000400415
0.000400415
0.000400415
0.000400415
0.000396739
0.000396739
0.000396739
0.000396739
0.000396739
0.000396739
0.000396739
0.000396739
0.000396739
0.000396739
0.000396739
0.000396739
0.000396739
0.000396739
0.000396739
0.000396739
0.000396739
0.000396739
0.000396739
0.000396739
0.000396739
0.000396739
0.000396739
0.000396739
0.000396739
0.000396739
0.000396739
0.000396739
0.000396739
0.000396739
0.000396739
0.000396739
0.000396739
0.000396739
0.000396739
0.000396739
0.000396739
0.000396739
0.000396739
0.000392899
0.000392899
0.000392899
0.000392899
0.000392899
0.000392899
0.000392899
0.000392899
0.000392899
0.000392899
0.000392899
0.000392899
0.000392899
0.000392899
0.000392899
0.000392899
0.000392899
0.000392899
0.000392899
0.000392899
0.000392899
0.000392899
0.000392899
0.000392899
0.000392899
0.000392899
0.000392899
0.000392899
0.000392899
0.000392899
0.000392899
0.000392899
0.000392899
0.000392899
0.000392899
0.000392899
0.000392899
0.000392899
0.000392899
0.000388907
0.000388907
0.000388907
0.000388907
0.000388907
0.000388907
0.000388907
0.000388907
0.000388907
0.000388907
0.000388907
0.000388907
0.000388907
0.000388907
0.000388907
0.000388907
0.000388907
0.000388907
0.000388907
0.000388907
0.000388907
0.000388907
0.000388907
0.000388907
0.000388907
0.000388907
0.000388907
0.000388907
0.000388907
0.000388907
0.000388907
0.000388907
0.000388907
0.000388907
0.000388907
0.000388907
0.000388907
0.000388907
0.000388907
0.000384773
0.000384773
0.000384773
0.000384773
0.000384773
0.000384773
0.000384773
0.000384773
0.000384773
0.000384773
0.000384773
0.000384773
0.000384773
0.000384773
0.000384773
0.000384773
0.000384773
0.000384773
0.000384773
0.000384773
0.000384773
0.000384773
0.000384773
0.000384773
0.000384773
0.000384773
0.000384773
0.000384773
0.000384773
0.000384773
0.000384773
0.000384773
0.000384773
0.000384773
0.000384773
0.000384774
0.000384774
0.000384774
0.000384774
0.000380505
0.000380505
0.000380505
0.000380505
0.000380505
0.000380505
0.000380505
0.000380505
0.000380505
0.000380505
0.000380505
0.000380505
0.000380505
0.000380505
0.000380505
0.000380505
0.000380505
0.000380505
0.000380505
0.000380505
0.000380505
0.000380505
0.000380505
0.000380505
0.000380505
0.000380505
0.000380505
0.000380505
0.000380505
0.000380505
0.000380505
0.000380505
0.000380505
0.000380505
0.000380505
0.000380505
0.000380505
0.000380505
0.000380505
0.000376107
0.000376107
0.000376107
0.000376107
0.000376107
0.000376107
0.000376107
0.000376107
0.000376107
0.000376107
0.000376107
0.000376107
0.000376107
0.000376107
0.000376107
0.000376107
0.000376107
0.000376107
0.000376107
0.000376107
0.000376107
0.000376107
0.000376107
0.000376107
0.000376107
0.000376107
0.000376107
0.000376107
0.000376107
0.000376107
0.000376107
0.000376107
0.000376107
0.000376107
0.000376107
0.000376107
0.000376107
0.000376107
0.000376107
0.000371583
0.000371583
0.000371583
0.000371583
0.000371583
0.000371583
0.000371583
0.000371583
0.000371583
0.000371583
0.000371583
0.000371583
0.000371583
0.000371583
0.000371583
0.000371583
0.000371583
0.000371583
0.000371583
0.000371583
0.000371583
0.000371583
0.000371583
0.000371583
0.000371583
0.000371583
0.000371583
0.000371583
0.000371583
0.000371583
0.000371583
0.000371583
0.000371583
0.000371583
0.000371583
0.000371583
0.000371583
0.000371583
0.000371583
0.000366935
0.000366935
0.000366935
0.000366935
0.000366935
0.000366935
0.000366935
0.000366935
0.000366935
0.000366935
0.000366935
0.000366935
0.000366935
0.000366935
0.000366935
0.000366935
0.000366935
0.000366935
0.000366935
0.000366935
0.000366935
0.000366935
0.000366935
0.000366935
0.000366935
0.000366935
0.000366935
0.000366935
0.000366935
0.000366935
0.000366935
0.000366935
0.000366935
0.000366935
0.000366935
0.000366935
0.000366935
0.000366936
0.000366936
0.000362168
0.000362168
0.000362168
0.000362168
0.000362168
0.000362168
0.000362168
0.000362168
0.000362168
0.000362168
0.000362168
0.000362168
0.000362168
0.000362168
0.000362168
0.000362168
0.000362168
0.000362168
0.000362168
0.000362168
0.000362168
0.000362168
0.000362168
0.000362168
0.000362168
0.000362168
0.000362168
0.000362168
0.000362168
0.000362168
0.000362168
0.000362168
0.000362168
0.000362168
0.000362168
0.000362168
0.000362168
0.000362168
0.000362168
0.000357284
0.000357284
0.000357284
0.000357284
0.000357284
0.000357284
0.000357284
0.000357284
0.000357284
0.000357284
0.000357284
0.000357284
0.000357284
0.000357284
0.000357283
0.000357283
0.000357283
0.000357283
0.000357283
0.000357283
0.000357283
0.000357283
0.000357283
0.000357283
0.000357283
0.000357283
0.000357283
0.000357283
0.000357284
0.000357284
0.000357284
0.000357284
0.000357284
0.000357284
0.000357284
0.000357284
0.000357284
0.000357284
0.000357284
0.000352286
0.000352286
0.000352286
0.000352286
0.000352286
0.000352286
0.000352286
0.000352286
0.000352286
0.000352286
0.000352286
0.000352286
0.000352286
0.000352286
0.000352286
0.000352286
0.000352286
0.000352286
0.000352286
0.000352286
0.000352286
0.000352286
0.000352286
0.000352286
0.000352286
0.000352286
0.000352286
0.000352286
0.000352286
0.000352286
0.000352286
0.000352286
0.000352286
0.000352286
0.000352286
0.000352286
0.000352286
0.000352286
0.000352286
0.000347178
0.000347178
0.000347178
0.000347178
0.000347178
0.000347178
0.000347178
0.000347178
0.000347178
0.000347178
0.000347178
0.000347178
0.000347178
0.000347178
0.000347178
0.000347178
0.000347178
0.000347178
0.000347178
0.000347178
0.000347178
0.000347178
0.000347178
0.000347178
0.000347178
0.000347178
0.000347178
0.000347178
0.000347178
0.000347178
0.000347178
0.000347178
0.000347178
0.000347178
0.000347178
0.000347178
0.000347178
0.000347178
0.000347178
0.000341962
0.000341962
0.000341962
0.000341962
0.000341962
0.000341962
0.000341962
0.000341962
0.000341962
0.000341962
0.000341962
0.000341962
0.000341962
0.000341962
0.000341962
0.000341962
0.000341962
0.000341962
0.000341962
0.000341962
0.000341962
0.000341962
0.000341962
0.000341962
0.000341962
0.000341962
0.000341962
0.000341962
0.000341962
0.000341962
0.000341962
0.000341962
0.000341962
0.000341962
0.000341962
0.000341962
0.000341962
0.000341962
0.000341962
0.000336639
0.000336639
0.000336639
0.000336639
0.000336639
0.000336639
0.000336639
0.000336639
0.000336639
0.000336639
0.000336639
0.000336639
0.000336639
0.000336639
0.000336639
0.000336639
0.000336639
0.000336639
0.000336639
0.000336639
0.000336639
0.000336639
0.000336639
0.000336639
0.000336639
0.000336639
0.000336639
0.000336639
0.000336639
0.000336639
0.000336639
0.000336639
0.000336639
0.000336639
0.000336639
0.000336639
0.000336639
0.000336639
0.000336639
0.000331211
0.000331211
0.000331211
0.000331211
0.000331211
0.000331211
0.000331211
0.000331211
0.000331211
0.000331211
0.000331211
0.000331211
0.000331211
0.000331211
0.000331211
0.000331211
0.000331211
0.000331211
0.000331211
0.000331211
0.000331211
0.000331211
0.000331211
0.000331211
0.000331211
0.000331211
0.000331211
0.000331211
0.000331211
0.000331211
0.000331211
0.000331211
0.000331211
0.000331211
0.000331211
0.000331211
0.000331211
0.000331211
0.000331211
0.000325679
0.000325679
0.000325679
0.000325679
0.000325679
0.000325679
0.000325679
0.000325679
0.000325679
0.000325679
0.000325679
0.000325679
0.000325679
0.000325679
0.000325679
0.000325679
0.000325679
0.000325679
0.000325679
0.000325679
0.000325679
0.000325679
0.000325679
0.000325679
0.000325679
0.000325679
0.000325679
0.000325679
0.000325679
0.000325679
0.000325679
0.000325679
0.000325679
0.000325679
0.000325679
0.000325679
0.000325679
0.000325679
0.000325679
0.000320044
0.000320044
0.000320044
0.000320043
0.000320043
0.000320043
0.000320043
0.000320043
0.000320043
0.000320043
0.000320043
0.000320043
0.000320043
0.000320043
0.000320043
0.000320043
0.000320043
0.000320043
0.000320043
0.000320043
0.000320043
0.000320043
0.000320043
0.000320043
0.000320043
0.000320043
0.000320044
0.000320044
0.000320044
0.000320044
0.000320044
0.000320044
0.000320044
0.000320044
0.000320044
0.000320044
0.000320044
0.000320044
0.000320044
0.000314306
0.000314306
0.000314306
0.000314306
0.000314306
0.000314306
0.000314306
0.000314306
0.000314306
0.000314306
0.000314306
0.000314306
0.000314306
0.000314306
0.000314306
0.000314306
0.000314306
0.000314306
0.000314306
0.000314306
0.000314306
0.000314306
0.000314306
0.000314306
0.000314306
0.000314306
0.000314306
0.000314306
0.000314306
0.000314306
0.000314306
0.000314306
0.000314306
0.000314306
0.000314306
0.000314306
0.000314306
0.000314306
0.000314306
0.000308467
0.000308467
0.000308467
0.000308467
0.000308467
0.000308467
0.000308467
0.000308467
0.000308467
0.000308467
0.000308467
0.000308467
0.000308467
0.000308467
0.000308467
0.000308467
0.000308467
0.000308467
0.000308467
0.000308467
0.000308467
0.000308467
0.000308467
0.000308467
0.000308467
0.000308467
0.000308468
0.000308468
0.000308468
0.000308468
0.000308468
0.000308468
0.000308468
0.000308468
0.000308468
0.000308468
0.000308468
0.000308468
0.000308468
0.000302529
0.000302529
0.000302529
0.000302529
0.000302529
0.000302528
0.000302528
0.000302528
0.000302528
0.000302528
0.000302528
0.000302528
0.000302528
0.000302528
0.000302528
0.000302528
0.000302528
0.000302528
0.000302528
0.000302528
0.000302529
0.000302529
0.000302529
0.000302529
0.000302529
0.000302529
0.000302529
0.000302529
0.000302529
0.000302529
0.000302529
0.000302529
0.000302529
0.000302529
0.000302529
0.000302529
0.000302529
0.000302529
0.000302529
0.000296491
0.000296491
0.000296491
0.000296491
0.000296491
0.00029649
0.00029649
0.00029649
0.00029649
0.00029649
0.00029649
0.00029649
0.00029649
0.00029649
0.00029649
0.00029649
0.00029649
0.00029649
0.00029649
0.000296491
0.000296491
0.000296491
0.000296491
0.000296491
0.000296491
0.000296491
0.000296491
0.000296491
0.000296491
0.000296491
0.000296491
0.000296491
0.000296491
0.000296491
0.000296491
0.000296491
0.000296491
0.000296491
0.000296491
0.000290355
0.000290355
0.000290355
0.000290355
0.000290355
0.000290355
0.000290355
0.000290355
0.000290355
0.000290355
0.000290355
0.000290355
0.000290354
0.000290355
0.000290355
0.000290355
0.000290355
0.000290355
0.000290355
0.000290355
0.000290355
0.000290355
0.000290355
0.000290355
0.000290355
0.000290355
0.000290355
0.000290355
0.000290355
0.000290356
0.000290356
0.000290356
0.000290356
0.000290356
0.000290356
0.000290356
0.000290355
0.000290355
0.000290355
0.000284123
0.000284123
0.000284123
0.000284123
0.000284123
0.000284123
0.000284123
0.000284123
0.000284123
0.000284123
0.000284123
0.000284123
0.000284123
0.000284123
0.000284123
0.000284123
0.000284123
0.000284123
0.000284123
0.000284123
0.000284123
0.000284123
0.000284123
0.000284123
0.000284123
0.000284123
0.000284124
0.000284124
0.000284124
0.000284124
0.000284124
0.000284124
0.000284124
0.000284124
0.000284124
0.000284124
0.000284124
0.000284124
0.000284124
0.000277797
0.000277797
0.000277797
0.000277796
0.000277796
0.000277796
0.000277796
0.000277796
0.000277796
0.000277796
0.000277796
0.000277796
0.000277796
0.000277796
0.000277796
0.000277796
0.000277796
0.000277796
0.000277796
0.000277796
0.000277796
0.000277796
0.000277796
0.000277797
0.000277797
0.000277797
0.000277797
0.000277797
0.000277797
0.000277797
0.000277797
0.000277797
0.000277797
0.000277797
0.000277797
0.000277797
0.000277797
0.000277797
0.000277797
0.000271
0.000270999
0.000270999
0.000270999
0.000270999
0.000270999
0.000271
0.000271001
0.000271002
0.000271003
0.000271004
0.000271005
0.000271006
0.000271007
0.000271009
0.00027101
0.000271011
0.000271012
0.000271013
0.000271013
0.000271014
0.000271014
0.000271014
0.000271014
0.000271014
0.000271013
0.000271013
0.000271012
0.000271011
0.00027101
0.000271009
0.000271008
0.000271006
0.000271005
0.000271004
0.000271003
0.000271002
0.000271001
0.000271
0.000262836
0.000262836
0.000262836
0.000262836
0.000262836
0.000262837
0.000262838
0.000262839
0.00026284
0.000262841
0.000262843
0.000262845
0.000262846
0.000262848
0.000262849
0.000262851
0.000262852
0.000262853
0.000262854
0.000262855
0.000262855
0.000262856
0.000262856
0.000262855
0.000262855
0.000262854
0.000262853
0.000262852
0.000262851
0.000262849
0.000262848
0.000262846
0.000262844
0.000262843
0.000262841
0.00026284
0.000262839
0.000262838
0.000262837
0.000254431
0.00025443
0.000254431
0.000254431
0.000254431
0.000254432
0.000254433
0.000254435
0.000254436
0.000254437
0.000254439
0.000254441
0.000254442
0.000254444
0.000254445
0.000254447
0.000254448
0.000254449
0.00025445
0.00025445
0.000254451
0.000254451
0.000254451
0.00025445
0.000254449
0.000254448
0.000254447
0.000254446
0.000254445
0.000254443
0.000254441
0.00025444
0.000254438
0.000254437
0.000254435
0.000254434
0.000254433
0.000254432
0.000254431
0.000246269
0.000246269
0.000246269
0.00024627
0.000246271
0.000246272
0.000246273
0.000246274
0.000246275
0.000246277
0.000246278
0.00024628
0.000246281
0.000246283
0.000246284
0.000246285
0.000246286
0.000246287
0.000246288
0.000246288
0.000246288
0.000246288
0.000246288
0.000246287
0.000246286
0.000246285
0.000246284
0.000246283
0.000246281
0.00024628
0.000246278
0.000246277
0.000246275
0.000246274
0.000246273
0.000246272
0.000246271
0.00024627
0.000246269
0.00023849
0.000238491
0.000238491
0.000238492
0.000238493
0.000238494
0.000238495
0.000238496
0.000238497
0.000238499
0.0002385
0.000238502
0.000238503
0.000238504
0.000238505
0.000238506
0.000238507
0.000238508
0.000238508
0.000238508
0.000238508
0.000238508
0.000238507
0.000238506
0.000238505
0.000238504
0.000238503
0.000238502
0.0002385
0.000238499
0.000238497
0.000238496
0.000238495
0.000238494
0.000238493
0.000238492
0.000238491
0.000238491
0.000238491
0.00023107
0.00023107
0.000231071
0.000231072
0.000231072
0.000231074
0.000231075
0.000231076
0.000231077
0.000231079
0.00023108
0.000231081
0.000231082
0.000231084
0.000231084
0.000231085
0.000231086
0.000231086
0.000231086
0.000231086
0.000231086
0.000231085
0.000231084
0.000231084
0.000231083
0.000231081
0.00023108
0.000231079
0.000231077
0.000231076
0.000231075
0.000231074
0.000231073
0.000231072
0.000231071
0.00023107
0.00023107
0.00023107
0.00023107
0.000223921
0.000223921
0.000223922
0.000223923
0.000223924
0.000223925
0.000223927
0.000223928
0.000223929
0.00022393
0.000223932
0.000223933
0.000223934
0.000223935
0.000223935
0.000223936
0.000223936
0.000223936
0.000223936
0.000223936
0.000223936
0.000223935
0.000223934
0.000223933
0.000223932
0.000223931
0.000223929
0.000223928
0.000223927
0.000223926
0.000223924
0.000223923
0.000223922
0.000223922
0.000223921
0.000223921
0.00022392
0.00022392
0.000223921
0.000216949
0.00021695
0.000216951
0.000216952
0.000216953
0.000216954
0.000216956
0.000216957
0.000216958
0.00021696
0.000216961
0.000216962
0.000216963
0.000216963
0.000216964
0.000216964
0.000216964
0.000216964
0.000216964
0.000216964
0.000216963
0.000216962
0.000216961
0.00021696
0.000216959
0.000216958
0.000216956
0.000216955
0.000216954
0.000216953
0.000216952
0.000216951
0.00021695
0.000216949
0.000216949
0.000216948
0.000216948
0.000216948
0.000216949
0.000210075
0.000210075
0.000210076
0.000210078
0.000210079
0.00021008
0.000210082
0.000210083
0.000210084
0.000210085
0.000210087
0.000210087
0.000210088
0.000210089
0.000210089
0.00021009
0.00021009
0.000210089
0.000210089
0.000210088
0.000210088
0.000210087
0.000210086
0.000210084
0.000210083
0.000210082
0.00021008
0.000210079
0.000210078
0.000210077
0.000210076
0.000210075
0.000210074
0.000210074
0.000210073
0.000210073
0.000210073
0.000210073
0.000210074
0.000203236
0.000203237
0.000203238
0.000203239
0.00020324
0.000203242
0.000203243
0.000203244
0.000203246
0.000203247
0.000203248
0.000203249
0.00020325
0.00020325
0.000203251
0.000203251
0.000203251
0.000203251
0.00020325
0.000203249
0.000203248
0.000203247
0.000203246
0.000203245
0.000203243
0.000203242
0.000203241
0.000203239
0.000203238
0.000203237
0.000203236
0.000203235
0.000203234
0.000203234
0.000203234
0.000203234
0.000203234
0.000203234
0.000203235
0.000196391
0.000196392
0.000196393
0.000196394
0.000196395
0.000196397
0.000196398
0.0001964
0.000196401
0.000196402
0.000196404
0.000196404
0.000196405
0.000196406
0.000196406
0.000196406
0.000196406
0.000196406
0.000196405
0.000196404
0.000196403
0.000196402
0.000196401
0.000196399
0.000196398
0.000196397
0.000196395
0.000196394
0.000196392
0.000196391
0.00019639
0.000196389
0.000196389
0.000196388
0.000196388
0.000196388
0.000196389
0.000196389
0.00019639
0.000189513
0.000189514
0.000189515
0.000189516
0.000189518
0.000189519
0.000189521
0.000189522
0.000189524
0.000189525
0.000189526
0.000189527
0.000189528
0.000189528
0.000189529
0.000189529
0.000189529
0.000189528
0.000189528
0.000189527
0.000189526
0.000189524
0.000189523
0.000189522
0.00018952
0.000189519
0.000189517
0.000189516
0.000189514
0.000189513
0.000189512
0.000189511
0.000189511
0.00018951
0.00018951
0.00018951
0.00018951
0.000189511
0.000189512
0.000182587
0.000182588
0.000182589
0.000182591
0.000182592
0.000182594
0.000182595
0.000182597
0.000182598
0.000182599
0.000182601
0.000182602
0.000182603
0.000182603
0.000182604
0.000182604
0.000182603
0.000182603
0.000182602
0.000182602
0.000182601
0.000182599
0.000182598
0.000182597
0.000182595
0.000182594
0.000182592
0.00018259
0.000182589
0.000182588
0.000182587
0.000182586
0.000182585
0.000182585
0.000182584
0.000182584
0.000182585
0.000182585
0.000182586
0.000175606
0.000175607
0.000175609
0.00017561
0.000175611
0.000175613
0.000175615
0.000175616
0.000175618
0.000175619
0.00017562
0.000175621
0.000175622
0.000175623
0.000175624
0.000175624
0.000175624
0.000175623
0.000175623
0.000175622
0.000175621
0.00017562
0.000175619
0.000175617
0.000175616
0.000175614
0.000175612
0.000175611
0.000175609
0.000175608
0.000175607
0.000175606
0.000175605
0.000175605
0.000175604
0.000175604
0.000175604
0.000175605
0.000175605
0.000168569
0.00016857
0.000168571
0.000168572
0.000168574
0.000168575
0.000168577
0.000168579
0.00016858
0.000168582
0.000168583
0.000168584
0.000168585
0.000168586
0.000168587
0.000168587
0.000168587
0.000168587
0.000168587
0.000168586
0.000168585
0.000168584
0.000168583
0.000168581
0.00016858
0.000168578
0.000168576
0.000168575
0.000168573
0.000168572
0.000168571
0.00016857
0.000168569
0.000168568
0.000168567
0.000168567
0.000168567
0.000168568
0.000168568
0.000161477
0.000161477
0.000161478
0.00016148
0.000161481
0.000161482
0.000161484
0.000161486
0.000161487
0.000161489
0.00016149
0.000161492
0.000161493
0.000161494
0.000161495
0.000161495
0.000161495
0.000161495
0.000161495
0.000161495
0.000161494
0.000161493
0.000161492
0.00016149
0.000161489
0.000161487
0.000161486
0.000161484
0.000161483
0.000161481
0.00016148
0.000161479
0.000161478
0.000161477
0.000161476
0.000161476
0.000161476
0.000161476
0.000161476
0.000154333
0.000154334
0.000154335
0.000154336
0.000154337
0.000154338
0.00015434
0.000154341
0.000154343
0.000154344
0.000154346
0.000154347
0.000154349
0.00015435
0.000154351
0.000154351
0.000154352
0.000154352
0.000154352
0.000154352
0.000154351
0.000154351
0.00015435
0.000154349
0.000154347
0.000154346
0.000154344
0.000154343
0.000154341
0.00015434
0.000154338
0.000154337
0.000154336
0.000154334
0.000154334
0.000154333
0.000154333
0.000154333
0.000154333
0.000147144
0.000147145
0.000147145
0.000147146
0.000147147
0.000147148
0.00014715
0.000147151
0.000147153
0.000147154
0.000147156
0.000147157
0.000147159
0.00014716
0.000147161
0.000147162
0.000147163
0.000147163
0.000147163
0.000147163
0.000147163
0.000147163
0.000147162
0.000147161
0.00014716
0.000147159
0.000147157
0.000147156
0.000147154
0.000147153
0.000147151
0.00014715
0.000147148
0.000147147
0.000147146
0.000147145
0.000147145
0.000147144
0.000147144
0.000139918
0.000139918
0.000139918
0.000139918
0.000139919
0.00013992
0.000139921
0.000139922
0.000139924
0.000139925
0.000139927
0.000139928
0.00013993
0.000139931
0.000139932
0.000139934
0.000139935
0.000139935
0.000139936
0.000139936
0.000139936
0.000139936
0.000139936
0.000139935
0.000139934
0.000139933
0.000139932
0.000139931
0.000139929
0.000139928
0.000139926
0.000139925
0.000139923
0.000139922
0.000139921
0.00013992
0.000139919
0.000139918
0.000139918
0.00013266
0.00013266
0.00013266
0.00013266
0.00013266
0.000132661
0.000132662
0.000132663
0.000132664
0.000132665
0.000132667
0.000132668
0.00013267
0.000132671
0.000132673
0.000132674
0.000132675
0.000132676
0.000132677
0.000132677
0.000132678
0.000132678
0.000132678
0.000132678
0.000132677
0.000132676
0.000132675
0.000132674
0.000132673
0.000132672
0.00013267
0.000132669
0.000132667
0.000132666
0.000132664
0.000132663
0.000132662
0.000132661
0.000132661
0.000125381
0.00012538
0.00012538
0.00012538
0.00012538
0.00012538
0.000125381
0.000125382
0.000125382
0.000125384
0.000125385
0.000125386
0.000125387
0.000125389
0.00012539
0.000125392
0.000125393
0.000125394
0.000125395
0.000125396
0.000125397
0.000125397
0.000125398
0.000125398
0.000125397
0.000125397
0.000125396
0.000125395
0.000125394
0.000125393
0.000125392
0.000125391
0.000125389
0.000125388
0.000125386
0.000125385
0.000125384
0.000125383
0.000125382
0.000118091
0.00011809
0.000118089
0.000118089
0.000118088
0.000118088
0.000118089
0.000118089
0.00011809
0.00011809
0.000118091
0.000118092
0.000118094
0.000118095
0.000118096
0.000118098
0.000118099
0.0001181
0.000118102
0.000118103
0.000118104
0.000118104
0.000118105
0.000118105
0.000118105
0.000118105
0.000118105
0.000118105
0.000118104
0.000118103
0.000118102
0.000118101
0.000118099
0.000118098
0.000118097
0.000118095
0.000118094
0.000118093
0.000118092
0.0001108
0.000110799
0.000110798
0.000110797
0.000110797
0.000110796
0.000110796
0.000110796
0.000110797
0.000110797
0.000110798
0.000110799
0.000110799
0.000110801
0.000110802
0.000110803
0.000110804
0.000110806
0.000110807
0.000110808
0.000110809
0.00011081
0.000110811
0.000110812
0.000110812
0.000110813
0.000110813
0.000110813
0.000110812
0.000110812
0.000110811
0.00011081
0.000110809
0.000110808
0.000110806
0.000110805
0.000110804
0.000110803
0.000110801
0.000103522
0.00010352
0.000103519
0.000103518
0.000103518
0.000103517
0.000103516
0.000103516
0.000103516
0.000103516
0.000103516
0.000103517
0.000103518
0.000103518
0.000103519
0.000103521
0.000103522
0.000103523
0.000103524
0.000103526
0.000103527
0.000103528
0.000103529
0.00010353
0.000103531
0.000103531
0.000103532
0.000103532
0.000103532
0.000103532
0.000103531
0.000103531
0.00010353
0.000103529
0.000103528
0.000103527
0.000103525
0.000103524
0.000103523
9.62684e-05
9.62672e-05
9.6266e-05
9.62649e-05
9.62639e-05
9.6263e-05
9.62623e-05
9.62617e-05
9.62613e-05
9.6261e-05
9.6261e-05
9.62612e-05
9.62616e-05
9.62621e-05
9.62629e-05
9.62637e-05
9.62647e-05
9.62659e-05
9.6267e-05
9.62682e-05
9.62695e-05
9.62707e-05
9.62718e-05
9.62729e-05
9.62739e-05
9.62747e-05
9.62754e-05
9.62758e-05
9.62762e-05
9.62763e-05
9.62762e-05
9.62759e-05
9.62754e-05
9.62748e-05
9.6274e-05
9.6273e-05
9.62719e-05
9.62708e-05
9.62696e-05
8.90558e-05
8.90547e-05
8.90536e-05
8.90524e-05
8.90513e-05
8.90503e-05
8.90494e-05
8.90486e-05
8.90479e-05
8.90474e-05
8.90471e-05
8.9047e-05
8.9047e-05
8.90472e-05
8.90477e-05
8.90483e-05
8.9049e-05
8.90499e-05
8.90509e-05
8.90519e-05
8.90531e-05
8.90542e-05
8.90554e-05
8.90565e-05
8.90576e-05
8.90586e-05
8.90595e-05
8.90602e-05
8.90608e-05
8.90612e-05
8.90614e-05
8.90614e-05
8.90613e-05
8.90609e-05
8.90604e-05
8.90597e-05
8.90589e-05
8.9058e-05
8.90569e-05
8.19017e-05
8.19007e-05
8.18997e-05
8.18986e-05
8.18975e-05
8.18965e-05
8.18955e-05
8.18945e-05
8.18937e-05
8.1893e-05
8.18924e-05
8.1892e-05
8.18918e-05
8.18917e-05
8.18918e-05
8.18921e-05
8.18926e-05
8.18932e-05
8.18939e-05
8.18948e-05
8.18958e-05
8.18968e-05
8.18979e-05
8.1899e-05
8.19001e-05
8.19011e-05
8.19021e-05
8.1903e-05
8.19038e-05
8.19044e-05
8.19049e-05
8.19052e-05
8.19053e-05
8.19053e-05
8.19051e-05
8.19047e-05
8.19041e-05
8.19034e-05
8.19026e-05
7.48259e-05
7.48251e-05
7.48243e-05
7.48234e-05
7.48224e-05
7.48214e-05
7.48204e-05
7.48194e-05
7.48185e-05
7.48177e-05
7.48169e-05
7.48163e-05
7.48159e-05
7.48156e-05
7.48154e-05
7.48154e-05
7.48156e-05
7.4816e-05
7.48164e-05
7.48171e-05
7.48178e-05
7.48187e-05
7.48196e-05
7.48206e-05
7.48216e-05
7.48226e-05
7.48236e-05
7.48245e-05
7.48254e-05
7.48262e-05
7.48268e-05
7.48273e-05
7.48277e-05
7.48279e-05
7.4828e-05
7.48279e-05
7.48276e-05
7.48272e-05
7.48266e-05
6.785e-05
6.78495e-05
6.78489e-05
6.78481e-05
6.78473e-05
6.78464e-05
6.78455e-05
6.78446e-05
6.78437e-05
6.78429e-05
6.78421e-05
6.78414e-05
6.78408e-05
6.78403e-05
6.78399e-05
6.78397e-05
6.78396e-05
6.78397e-05
6.784e-05
6.78403e-05
6.78408e-05
6.78415e-05
6.78422e-05
6.7843e-05
6.78439e-05
6.78448e-05
6.78457e-05
6.78466e-05
6.78475e-05
6.78483e-05
6.78491e-05
6.78497e-05
6.78502e-05
6.78507e-05
6.78509e-05
6.78511e-05
6.7851e-05
6.78509e-05
6.78505e-05
6.09991e-05
6.09988e-05
6.09984e-05
6.09979e-05
6.09973e-05
6.09966e-05
6.09958e-05
6.0995e-05
6.09942e-05
6.09934e-05
6.09926e-05
6.09919e-05
6.09912e-05
6.09907e-05
6.09902e-05
6.09898e-05
6.09896e-05
6.09895e-05
6.09895e-05
6.09896e-05
6.09899e-05
6.09903e-05
6.09908e-05
6.09914e-05
6.09921e-05
6.09928e-05
6.09936e-05
6.09944e-05
6.09952e-05
6.0996e-05
6.09968e-05
6.09975e-05
6.09981e-05
6.09986e-05
6.0999e-05
6.09993e-05
6.09995e-05
6.09995e-05
6.09995e-05
5.43023e-05
5.43021e-05
5.43019e-05
5.43016e-05
5.43012e-05
5.43007e-05
5.43001e-05
5.42995e-05
5.42988e-05
5.42981e-05
5.42974e-05
5.42967e-05
5.42961e-05
5.42955e-05
5.4295e-05
5.42945e-05
5.42942e-05
5.42939e-05
5.42938e-05
5.42937e-05
5.42938e-05
5.4294e-05
5.42943e-05
5.42947e-05
5.42952e-05
5.42958e-05
5.42964e-05
5.4297e-05
5.42977e-05
5.42984e-05
5.42991e-05
5.42998e-05
5.43004e-05
5.4301e-05
5.43014e-05
5.43018e-05
5.43021e-05
5.43023e-05
5.43024e-05
4.77905e-05
4.77905e-05
4.77905e-05
4.77903e-05
4.77901e-05
4.77898e-05
4.77894e-05
4.7789e-05
4.77884e-05
4.77879e-05
4.77873e-05
4.77867e-05
4.77862e-05
4.77856e-05
4.77851e-05
4.77847e-05
4.77843e-05
4.77839e-05
4.77837e-05
4.77835e-05
4.77835e-05
4.77835e-05
4.77837e-05
4.77839e-05
4.77842e-05
4.77846e-05
4.7785e-05
4.77855e-05
4.7786e-05
4.77866e-05
4.77872e-05
4.77878e-05
4.77883e-05
4.77888e-05
4.77893e-05
4.77897e-05
4.77901e-05
4.77904e-05
4.77906e-05
4.14961e-05
4.14962e-05
4.14962e-05
4.14962e-05
4.14961e-05
4.14959e-05
4.14957e-05
4.14954e-05
4.14951e-05
4.14947e-05
4.14943e-05
4.14938e-05
4.14933e-05
4.14929e-05
4.14924e-05
4.1492e-05
4.14916e-05
4.14913e-05
4.1491e-05
4.14908e-05
4.14907e-05
4.14906e-05
4.14906e-05
4.14907e-05
4.14908e-05
4.1491e-05
4.14913e-05
4.14917e-05
4.14921e-05
4.14925e-05
4.14929e-05
4.14934e-05
4.14938e-05
4.14943e-05
4.14947e-05
4.14951e-05
4.14955e-05
4.14958e-05
4.1496e-05
3.54538e-05
3.54539e-05
3.54541e-05
3.54541e-05
3.54541e-05
3.54541e-05
3.5454e-05
3.54538e-05
3.54536e-05
3.54534e-05
3.54531e-05
3.54528e-05
3.54524e-05
3.54521e-05
3.54517e-05
3.54513e-05
3.5451e-05
3.54507e-05
3.54504e-05
3.54502e-05
3.545e-05
3.54499e-05
3.54498e-05
3.54498e-05
3.54499e-05
3.545e-05
3.54501e-05
3.54503e-05
3.54506e-05
3.54508e-05
3.54512e-05
3.54515e-05
3.54518e-05
3.54522e-05
3.54525e-05
3.54529e-05
3.54532e-05
3.54535e-05
3.54537e-05
2.9718e-05
2.97182e-05
2.97183e-05
2.97184e-05
2.97185e-05
2.97185e-05
2.97185e-05
2.97185e-05
2.97184e-05
2.97182e-05
2.9718e-05
2.97178e-05
2.97176e-05
2.97173e-05
2.97171e-05
2.97168e-05
2.97165e-05
2.97163e-05
2.97161e-05
2.97158e-05
2.97157e-05
2.97155e-05
2.97154e-05
2.97153e-05
2.97153e-05
2.97153e-05
2.97154e-05
2.97155e-05
2.97156e-05
2.97158e-05
2.9716e-05
2.97162e-05
2.97165e-05
2.97167e-05
2.9717e-05
2.97172e-05
2.97175e-05
2.97177e-05
2.9718e-05
2.43344e-05
2.43345e-05
2.43347e-05
2.43348e-05
2.43349e-05
2.43349e-05
2.4335e-05
2.4335e-05
2.43349e-05
2.43349e-05
2.43348e-05
2.43347e-05
2.43345e-05
2.43344e-05
2.43342e-05
2.4334e-05
2.43338e-05
2.43336e-05
2.43334e-05
2.43332e-05
2.43331e-05
2.4333e-05
2.43328e-05
2.43328e-05
2.43327e-05
2.43327e-05
2.43327e-05
2.43327e-05
2.43328e-05
2.43329e-05
2.4333e-05
2.43331e-05
2.43333e-05
2.43334e-05
2.43336e-05
2.43338e-05
2.4334e-05
2.43342e-05
2.43343e-05
1.93466e-05
1.93467e-05
1.93468e-05
1.93469e-05
1.93469e-05
1.9347e-05
1.93471e-05
1.93471e-05
1.93471e-05
1.93471e-05
1.93471e-05
1.9347e-05
1.93469e-05
1.93468e-05
1.93467e-05
1.93466e-05
1.93464e-05
1.93463e-05
1.93462e-05
1.9346e-05
1.93459e-05
1.93458e-05
1.93457e-05
1.93456e-05
1.93456e-05
1.93455e-05
1.93455e-05
1.93455e-05
1.93455e-05
1.93456e-05
1.93456e-05
1.93457e-05
1.93458e-05
1.93459e-05
1.9346e-05
1.93461e-05
1.93463e-05
1.93464e-05
1.93465e-05
1.47711e-05
1.47711e-05
1.47712e-05
1.47713e-05
1.47713e-05
1.47714e-05
1.47714e-05
1.47714e-05
1.47715e-05
1.47715e-05
1.47714e-05
1.47714e-05
1.47714e-05
1.47713e-05
1.47712e-05
1.47712e-05
1.47711e-05
1.4771e-05
1.47709e-05
1.47708e-05
1.47708e-05
1.47707e-05
1.47706e-05
1.47706e-05
1.47705e-05
1.47705e-05
1.47705e-05
1.47704e-05
1.47705e-05
1.47705e-05
1.47705e-05
1.47705e-05
1.47706e-05
1.47707e-05
1.47707e-05
1.47708e-05
1.47709e-05
1.4771e-05
1.4771e-05
1.04161e-05
1.0416e-05
1.0416e-05
1.0416e-05
1.0416e-05
1.0416e-05
1.0416e-05
1.0416e-05
1.0416e-05
1.04159e-05
1.04159e-05
1.04159e-05
1.04159e-05
1.04158e-05
1.04158e-05
1.04158e-05
1.04158e-05
1.04157e-05
1.04157e-05
1.04157e-05
1.04157e-05
1.04157e-05
1.04157e-05
1.04157e-05
1.04158e-05
1.04158e-05
1.04158e-05
1.04158e-05
1.04159e-05
1.04159e-05
1.04159e-05
1.0416e-05
1.0416e-05
1.0416e-05
1.0416e-05
1.04161e-05
1.04161e-05
1.04161e-05
1.04161e-05
6.58438e-06
6.58436e-06
6.58435e-06
6.58434e-06
6.58434e-06
6.58433e-06
6.58432e-06
6.58431e-06
6.5843e-06
6.58428e-06
6.58426e-06
6.58424e-06
6.58422e-06
6.58419e-06
6.58417e-06
6.58415e-06
6.58414e-06
6.58412e-06
6.58411e-06
6.5841e-06
6.5841e-06
6.5841e-06
6.58411e-06
6.58411e-06
6.58413e-06
6.58414e-06
6.58416e-06
6.58418e-06
6.58421e-06
6.58423e-06
6.58426e-06
6.58428e-06
6.58431e-06
6.58433e-06
6.58435e-06
6.58436e-06
6.58438e-06
6.58439e-06
6.5844e-06
3.5962e-06
3.59619e-06
3.59618e-06
3.59618e-06
3.59617e-06
3.59617e-06
3.59617e-06
3.59616e-06
3.59615e-06
3.59614e-06
3.59613e-06
3.59611e-06
3.5961e-06
3.59608e-06
3.59607e-06
3.59605e-06
3.59604e-06
3.59603e-06
3.59602e-06
3.59602e-06
3.59601e-06
3.59601e-06
3.59601e-06
3.59602e-06
3.59602e-06
3.59603e-06
3.59605e-06
3.59606e-06
3.59607e-06
3.59609e-06
3.59611e-06
3.59612e-06
3.59614e-06
3.59615e-06
3.59617e-06
3.59618e-06
3.59619e-06
3.5962e-06
3.5962e-06
1.59723e-06
1.59723e-06
1.59723e-06
1.59723e-06
1.59723e-06
1.59722e-06
1.59722e-06
1.59722e-06
1.59721e-06
1.59721e-06
1.5972e-06
1.5972e-06
1.59719e-06
1.59718e-06
1.59717e-06
1.59716e-06
1.59716e-06
1.59715e-06
1.59715e-06
1.59714e-06
1.59714e-06
1.59714e-06
1.59714e-06
1.59714e-06
1.59714e-06
1.59715e-06
1.59715e-06
1.59716e-06
1.59717e-06
1.59718e-06
1.59718e-06
1.59719e-06
1.5972e-06
1.59721e-06
1.59722e-06
1.59722e-06
1.59723e-06
1.59723e-06
1.59724e-06
5.34953e-07
5.34952e-07
5.34952e-07
5.34951e-07
5.34951e-07
5.34951e-07
5.3495e-07
5.34949e-07
5.34948e-07
5.34946e-07
5.34943e-07
5.34941e-07
5.34938e-07
5.34935e-07
5.34932e-07
5.34929e-07
5.34926e-07
5.34924e-07
5.34922e-07
5.34921e-07
5.3492e-07
5.34919e-07
5.34919e-07
5.3492e-07
5.3492e-07
5.34922e-07
5.34924e-07
5.34926e-07
5.34928e-07
5.34931e-07
5.34934e-07
5.34937e-07
5.3494e-07
5.34943e-07
5.34946e-07
5.34948e-07
5.3495e-07
5.34952e-07
5.34954e-07
1.22015e-07
1.22015e-07
1.22015e-07
1.22015e-07
1.22015e-07
1.22014e-07
1.22014e-07
1.22014e-07
1.22014e-07
1.22013e-07
1.22013e-07
1.22012e-07
1.22011e-07
1.22011e-07
1.2201e-07
1.22009e-07
1.22009e-07
1.22008e-07
1.22008e-07
1.22007e-07
1.22007e-07
1.22007e-07
1.22007e-07
1.22007e-07
1.22007e-07
1.22007e-07
1.22008e-07
1.22008e-07
1.22009e-07
1.2201e-07
1.2201e-07
1.22011e-07
1.22012e-07
1.22012e-07
1.22013e-07
1.22014e-07
1.22014e-07
1.22014e-07
1.22015e-07
1.58729e-08
1.58729e-08
1.58729e-08
1.58729e-08
1.58729e-08
1.58729e-08
1.58729e-08
1.58728e-08
1.58728e-08
1.58727e-08
1.58727e-08
1.58726e-08
1.58725e-08
1.58724e-08
1.58723e-08
1.58722e-08
1.58722e-08
1.58721e-08
1.5872e-08
1.5872e-08
1.58719e-08
1.58719e-08
1.58719e-08
1.58719e-08
1.58719e-08
1.5872e-08
1.5872e-08
1.58721e-08
1.58722e-08
1.58722e-08
1.58723e-08
1.58724e-08
1.58725e-08
1.58726e-08
1.58727e-08
1.58727e-08
1.58728e-08
1.58729e-08
1.58729e-08
9.85251e-10
9.85253e-10
9.85257e-10
9.85261e-10
9.85266e-10
9.85269e-10
9.85272e-10
9.85275e-10
9.85276e-10
9.85276e-10
9.85276e-10
9.85274e-10
9.85272e-10
9.85269e-10
9.85266e-10
9.85262e-10
9.85257e-10
9.85253e-10
9.85248e-10
9.85244e-10
9.85239e-10
9.85235e-10
9.85231e-10
9.85228e-10
9.85225e-10
9.85223e-10
9.85221e-10
9.8522e-10
9.8522e-10
9.85221e-10
9.85222e-10
9.85224e-10
9.85226e-10
9.85229e-10
9.85233e-10
9.85237e-10
9.85241e-10
9.85245e-10
9.8525e-10
2.99009e-10
2.99013e-10
2.99017e-10
2.99022e-10
2.99027e-10
2.99032e-10
2.99037e-10
2.99042e-10
2.99047e-10
2.99051e-10
2.99055e-10
2.99058e-10
2.99061e-10
2.99062e-10
2.99063e-10
2.99064e-10
2.99063e-10
2.99062e-10
2.9906e-10
2.99057e-10
2.99053e-10
2.99049e-10
2.99045e-10
2.9904e-10
2.99035e-10
2.9903e-10
2.99025e-10
2.9902e-10
2.99016e-10
2.99011e-10
2.99008e-10
2.99005e-10
2.99003e-10
2.99001e-10
2.99001e-10
2.99001e-10
2.99002e-10
2.99004e-10
2.99006e-10
)
;

boundaryField
{
    bottomWall
    {
        type            nutUWallFunction;
        Cmu             0.09;
        kappa           0.41;
        E               9.8;
        value           uniform 0;
    }
    front
    {
        type            empty;
    }
    back
    {
        type            empty;
    }
    inlet
    {
        type            cyclic;
    }
    outlet
    {
        type            cyclic;
    }
    topWall
    {
        type            nutUWallFunction;
        Cmu             0.09;
        kappa           0.41;
        E               9.8;
        value           uniform 0;
    }
}


// ************************************************************************* //
