/*--------------------------------*- C++ -*----------------------------------*\
| =========                 |                                                 |
| \\      /  F ield         | OpenFOAM: The Open Source CFD Toolbox           |
|  \\    /   O peration     | Version:  4.1                                   |
|   \\  /    A nd           | Web:      www.OpenFOAM.org                      |
|    \\/     M anipulation  |                                                 |
\*---------------------------------------------------------------------------*/
FoamFile
{
    version     2.0;
    format      ascii;
    class       faceList;
    location    "0.005/polyMesh";
    object      faces;
}
// * * * * * * * * * * * * * * * * * * * * * * * * * * * * * * * * * * * * * //


996
(
4(201 601 401 1)
4(202 602 402 2)
4(203 603 403 3)
4(204 604 404 4)
4(205 605 405 5)
4(206 606 406 6)
4(207 607 407 7)
4(208 608 408 8)
4(209 609 409 9)
4(210 610 410 10)
4(211 611 411 11)
4(212 612 412 12)
4(213 613 413 13)
4(214 614 414 14)
4(215 615 415 15)
4(216 616 416 16)
4(217 617 417 17)
4(218 618 418 18)
4(219 619 419 19)
4(220 620 420 20)
4(221 621 421 21)
4(222 622 422 22)
4(223 623 423 23)
4(224 624 424 24)
4(225 625 425 25)
4(226 626 426 26)
4(227 627 427 27)
4(228 628 428 28)
4(229 629 429 29)
4(230 630 430 30)
4(231 631 431 31)
4(232 632 432 32)
4(233 633 433 33)
4(234 634 434 34)
4(235 635 435 35)
4(236 636 436 36)
4(237 637 437 37)
4(238 638 438 38)
4(239 639 439 39)
4(240 640 440 40)
4(241 641 441 41)
4(242 642 442 42)
4(243 643 443 43)
4(244 644 444 44)
4(245 645 445 45)
4(246 646 446 46)
4(247 647 447 47)
4(248 648 448 48)
4(249 649 449 49)
4(250 650 450 50)
4(251 651 451 51)
4(252 652 452 52)
4(253 653 453 53)
4(254 654 454 54)
4(255 655 455 55)
4(256 656 456 56)
4(257 657 457 57)
4(258 658 458 58)
4(259 659 459 59)
4(260 660 460 60)
4(261 661 461 61)
4(262 662 462 62)
4(263 663 463 63)
4(264 664 464 64)
4(265 665 465 65)
4(266 666 466 66)
4(267 667 467 67)
4(268 668 468 68)
4(269 669 469 69)
4(270 670 470 70)
4(271 671 471 71)
4(272 672 472 72)
4(273 673 473 73)
4(274 674 474 74)
4(275 675 475 75)
4(276 676 476 76)
4(277 677 477 77)
4(278 678 478 78)
4(279 679 479 79)
4(280 680 480 80)
4(281 681 481 81)
4(282 682 482 82)
4(283 683 483 83)
4(284 684 484 84)
4(285 685 485 85)
4(286 686 486 86)
4(287 687 487 87)
4(288 688 488 88)
4(289 689 489 89)
4(290 690 490 90)
4(291 691 491 91)
4(292 692 492 92)
4(293 693 493 93)
4(294 694 494 94)
4(295 695 495 95)
4(296 696 496 96)
4(297 697 497 97)
4(298 698 498 98)
4(299 699 499 99)
4(300 700 500 100)
4(301 701 501 101)
4(302 702 502 102)
4(303 703 503 103)
4(304 704 504 104)
4(305 705 505 105)
4(306 706 506 106)
4(307 707 507 107)
4(308 708 508 108)
4(309 709 509 109)
4(310 710 510 110)
4(311 711 511 111)
4(312 712 512 112)
4(313 713 513 113)
4(314 714 514 114)
4(315 715 515 115)
4(316 716 516 116)
4(317 717 517 117)
4(318 718 518 118)
4(319 719 519 119)
4(320 720 520 120)
4(321 721 521 121)
4(322 722 522 122)
4(323 723 523 123)
4(324 724 524 124)
4(325 725 525 125)
4(326 726 526 126)
4(327 727 527 127)
4(328 728 528 128)
4(329 729 529 129)
4(330 730 530 130)
4(331 731 531 131)
4(332 732 532 132)
4(333 733 533 133)
4(334 734 534 134)
4(335 735 535 135)
4(336 736 536 136)
4(337 737 537 137)
4(338 738 538 138)
4(339 739 539 139)
4(340 740 540 140)
4(341 741 541 141)
4(342 742 542 142)
4(343 743 543 143)
4(344 744 544 144)
4(345 745 545 145)
4(346 746 546 146)
4(347 747 547 147)
4(348 748 548 148)
4(349 749 549 149)
4(350 750 550 150)
4(351 751 551 151)
4(352 752 552 152)
4(353 753 553 153)
4(354 754 554 154)
4(355 755 555 155)
4(356 756 556 156)
4(357 757 557 157)
4(358 758 558 158)
4(359 759 559 159)
4(360 760 560 160)
4(361 761 561 161)
4(362 762 562 162)
4(363 763 563 163)
4(364 764 564 164)
4(365 765 565 165)
4(366 766 566 166)
4(367 767 567 167)
4(368 768 568 168)
4(369 769 569 169)
4(370 770 570 170)
4(371 771 571 171)
4(372 772 572 172)
4(373 773 573 173)
4(374 774 574 174)
4(375 775 575 175)
4(376 776 576 176)
4(377 777 577 177)
4(378 778 578 178)
4(379 779 579 179)
4(380 780 580 180)
4(381 781 581 181)
4(382 782 582 182)
4(383 783 583 183)
4(384 784 584 184)
4(385 785 585 185)
4(386 786 586 186)
4(387 787 587 187)
4(388 788 588 188)
4(389 789 589 189)
4(390 790 590 190)
4(391 791 591 191)
4(392 792 592 192)
4(393 793 593 193)
4(394 794 594 194)
4(395 795 595 195)
4(396 796 596 196)
4(397 797 597 197)
4(398 798 598 198)
4(401 601 600 400)
4(402 602 601 401)
4(403 603 602 402)
4(404 604 603 403)
4(405 605 604 404)
4(406 606 605 405)
4(407 607 606 406)
4(408 608 607 407)
4(409 609 608 408)
4(410 610 609 409)
4(411 611 610 410)
4(412 612 611 411)
4(413 613 612 412)
4(414 614 613 413)
4(415 615 614 414)
4(416 616 615 415)
4(417 617 616 416)
4(418 618 617 417)
4(419 619 618 418)
4(420 620 619 419)
4(421 621 620 420)
4(422 622 621 421)
4(423 623 622 422)
4(424 624 623 423)
4(425 625 624 424)
4(426 626 625 425)
4(427 627 626 426)
4(428 628 627 427)
4(429 629 628 428)
4(430 630 629 429)
4(431 631 630 430)
4(432 632 631 431)
4(433 633 632 432)
4(434 634 633 433)
4(435 635 634 434)
4(436 636 635 435)
4(437 637 636 436)
4(438 638 637 437)
4(439 639 638 438)
4(440 640 639 439)
4(441 641 640 440)
4(442 642 641 441)
4(443 643 642 442)
4(444 644 643 443)
4(445 645 644 444)
4(446 646 645 445)
4(447 647 646 446)
4(448 648 647 447)
4(449 649 648 448)
4(450 650 649 449)
4(451 651 650 450)
4(452 652 651 451)
4(453 653 652 452)
4(454 654 653 453)
4(455 655 654 454)
4(456 656 655 455)
4(457 657 656 456)
4(458 658 657 457)
4(459 659 658 458)
4(460 660 659 459)
4(461 661 660 460)
4(462 662 661 461)
4(463 663 662 462)
4(464 664 663 463)
4(465 665 664 464)
4(466 666 665 465)
4(467 667 666 466)
4(468 668 667 467)
4(469 669 668 468)
4(470 670 669 469)
4(471 671 670 470)
4(472 672 671 471)
4(473 673 672 472)
4(474 674 673 473)
4(475 675 674 474)
4(476 676 675 475)
4(477 677 676 476)
4(478 678 677 477)
4(479 679 678 478)
4(480 680 679 479)
4(481 681 680 480)
4(482 682 681 481)
4(483 683 682 482)
4(484 684 683 483)
4(485 685 684 484)
4(486 686 685 485)
4(487 687 686 486)
4(488 688 687 487)
4(489 689 688 488)
4(490 690 689 489)
4(491 691 690 490)
4(492 692 691 491)
4(493 693 692 492)
4(494 694 693 493)
4(495 695 694 494)
4(496 696 695 495)
4(497 697 696 496)
4(498 698 697 497)
4(499 699 698 498)
4(500 700 699 499)
4(501 701 700 500)
4(502 702 701 501)
4(503 703 702 502)
4(504 704 703 503)
4(505 705 704 504)
4(506 706 705 505)
4(507 707 706 506)
4(508 708 707 507)
4(509 709 708 508)
4(510 710 709 509)
4(511 711 710 510)
4(512 712 711 511)
4(513 713 712 512)
4(514 714 713 513)
4(515 715 714 514)
4(516 716 715 515)
4(517 717 716 516)
4(518 718 717 517)
4(519 719 718 518)
4(520 720 719 519)
4(521 721 720 520)
4(522 722 721 521)
4(523 723 722 522)
4(524 724 723 523)
4(525 725 724 524)
4(526 726 725 525)
4(527 727 726 526)
4(528 728 727 527)
4(529 729 728 528)
4(530 730 729 529)
4(531 731 730 530)
4(532 732 731 531)
4(533 733 732 532)
4(534 734 733 533)
4(535 735 734 534)
4(536 736 735 535)
4(537 737 736 536)
4(538 738 737 537)
4(539 739 738 538)
4(540 740 739 539)
4(541 741 740 540)
4(542 742 741 541)
4(543 743 742 542)
4(544 744 743 543)
4(545 745 744 544)
4(546 746 745 545)
4(547 747 746 546)
4(548 748 747 547)
4(549 749 748 548)
4(550 750 749 549)
4(551 751 750 550)
4(552 752 751 551)
4(553 753 752 552)
4(554 754 753 553)
4(555 755 754 554)
4(556 756 755 555)
4(557 757 756 556)
4(558 758 757 557)
4(559 759 758 558)
4(560 760 759 559)
4(561 761 760 560)
4(562 762 761 561)
4(563 763 762 562)
4(564 764 763 563)
4(565 765 764 564)
4(566 766 765 565)
4(567 767 766 566)
4(568 768 767 567)
4(569 769 768 568)
4(570 770 769 569)
4(571 771 770 570)
4(572 772 771 571)
4(573 773 772 572)
4(574 774 773 573)
4(575 775 774 574)
4(576 776 775 575)
4(577 777 776 576)
4(578 778 777 577)
4(579 779 778 578)
4(580 780 779 579)
4(581 781 780 580)
4(582 782 781 581)
4(583 783 782 582)
4(584 784 783 583)
4(585 785 784 584)
4(586 786 785 585)
4(587 787 786 586)
4(588 788 787 587)
4(589 789 788 588)
4(590 790 789 589)
4(591 791 790 590)
4(592 792 791 591)
4(593 793 792 592)
4(594 794 793 593)
4(595 795 794 594)
4(596 796 795 595)
4(597 797 796 596)
4(598 798 797 597)
4(599 799 798 598)
4(1 401 400 0)
4(2 402 401 1)
4(3 403 402 2)
4(4 404 403 3)
4(5 405 404 4)
4(6 406 405 5)
4(7 407 406 6)
4(8 408 407 7)
4(9 409 408 8)
4(10 410 409 9)
4(11 411 410 10)
4(12 412 411 11)
4(13 413 412 12)
4(14 414 413 13)
4(15 415 414 14)
4(16 416 415 15)
4(17 417 416 16)
4(18 418 417 17)
4(19 419 418 18)
4(20 420 419 19)
4(21 421 420 20)
4(22 422 421 21)
4(23 423 422 22)
4(24 424 423 23)
4(25 425 424 24)
4(26 426 425 25)
4(27 427 426 26)
4(28 428 427 27)
4(29 429 428 28)
4(30 430 429 29)
4(31 431 430 30)
4(32 432 431 31)
4(33 433 432 32)
4(34 434 433 33)
4(35 435 434 34)
4(36 436 435 35)
4(37 437 436 36)
4(38 438 437 37)
4(39 439 438 38)
4(40 440 439 39)
4(41 441 440 40)
4(42 442 441 41)
4(43 443 442 42)
4(44 444 443 43)
4(45 445 444 44)
4(46 446 445 45)
4(47 447 446 46)
4(48 448 447 47)
4(49 449 448 48)
4(50 450 449 49)
4(51 451 450 50)
4(52 452 451 51)
4(53 453 452 52)
4(54 454 453 53)
4(55 455 454 54)
4(56 456 455 55)
4(57 457 456 56)
4(58 458 457 57)
4(59 459 458 58)
4(60 460 459 59)
4(61 461 460 60)
4(62 462 461 61)
4(63 463 462 62)
4(64 464 463 63)
4(65 465 464 64)
4(66 466 465 65)
4(67 467 466 66)
4(68 468 467 67)
4(69 469 468 68)
4(70 470 469 69)
4(71 471 470 70)
4(72 472 471 71)
4(73 473 472 72)
4(74 474 473 73)
4(75 475 474 74)
4(76 476 475 75)
4(77 477 476 76)
4(78 478 477 77)
4(79 479 478 78)
4(80 480 479 79)
4(81 481 480 80)
4(82 482 481 81)
4(83 483 482 82)
4(84 484 483 83)
4(85 485 484 84)
4(86 486 485 85)
4(87 487 486 86)
4(88 488 487 87)
4(89 489 488 88)
4(90 490 489 89)
4(91 491 490 90)
4(92 492 491 91)
4(93 493 492 92)
4(94 494 493 93)
4(95 495 494 94)
4(96 496 495 95)
4(97 497 496 96)
4(98 498 497 97)
4(99 499 498 98)
4(100 500 499 99)
4(101 501 500 100)
4(102 502 501 101)
4(103 503 502 102)
4(104 504 503 103)
4(105 505 504 104)
4(106 506 505 105)
4(107 507 506 106)
4(108 508 507 107)
4(109 509 508 108)
4(110 510 509 109)
4(111 511 510 110)
4(112 512 511 111)
4(113 513 512 112)
4(114 514 513 113)
4(115 515 514 114)
4(116 516 515 115)
4(117 517 516 116)
4(118 518 517 117)
4(119 519 518 118)
4(120 520 519 119)
4(121 521 520 120)
4(122 522 521 121)
4(123 523 522 122)
4(124 524 523 123)
4(125 525 524 124)
4(126 526 525 125)
4(127 527 526 126)
4(128 528 527 127)
4(129 529 528 128)
4(130 530 529 129)
4(131 531 530 130)
4(132 532 531 131)
4(133 533 532 132)
4(134 534 533 133)
4(135 535 534 134)
4(136 536 535 135)
4(137 537 536 136)
4(138 538 537 137)
4(139 539 538 138)
4(140 540 539 139)
4(141 541 540 140)
4(142 542 541 141)
4(143 543 542 142)
4(144 544 543 143)
4(145 545 544 144)
4(146 546 545 145)
4(147 547 546 146)
4(148 548 547 147)
4(149 549 548 148)
4(150 550 549 149)
4(151 551 550 150)
4(152 552 551 151)
4(153 553 552 152)
4(154 554 553 153)
4(155 555 554 154)
4(156 556 555 155)
4(157 557 556 156)
4(158 558 557 157)
4(159 559 558 158)
4(160 560 559 159)
4(161 561 560 160)
4(162 562 561 161)
4(163 563 562 162)
4(164 564 563 163)
4(165 565 564 164)
4(166 566 565 165)
4(167 567 566 166)
4(168 568 567 167)
4(169 569 568 168)
4(170 570 569 169)
4(171 571 570 170)
4(172 572 571 171)
4(173 573 572 172)
4(174 574 573 173)
4(175 575 574 174)
4(176 576 575 175)
4(177 577 576 176)
4(178 578 577 177)
4(179 579 578 178)
4(180 580 579 179)
4(181 581 580 180)
4(182 582 581 181)
4(183 583 582 182)
4(184 584 583 183)
4(185 585 584 184)
4(186 586 585 185)
4(187 587 586 186)
4(188 588 587 187)
4(189 589 588 188)
4(190 590 589 189)
4(191 591 590 190)
4(192 592 591 191)
4(193 593 592 192)
4(194 594 593 193)
4(195 595 594 194)
4(196 596 595 195)
4(197 597 596 196)
4(198 598 597 197)
4(199 599 598 198)
4(200 201 1 0)
4(201 202 2 1)
4(202 203 3 2)
4(203 204 4 3)
4(204 205 5 4)
4(205 206 6 5)
4(206 207 7 6)
4(207 208 8 7)
4(208 209 9 8)
4(209 210 10 9)
4(210 211 11 10)
4(211 212 12 11)
4(212 213 13 12)
4(213 214 14 13)
4(214 215 15 14)
4(215 216 16 15)
4(216 217 17 16)
4(217 218 18 17)
4(218 219 19 18)
4(219 220 20 19)
4(220 221 21 20)
4(221 222 22 21)
4(222 223 23 22)
4(223 224 24 23)
4(224 225 25 24)
4(225 226 26 25)
4(226 227 27 26)
4(227 228 28 27)
4(228 229 29 28)
4(229 230 30 29)
4(230 231 31 30)
4(231 232 32 31)
4(232 233 33 32)
4(233 234 34 33)
4(234 235 35 34)
4(235 236 36 35)
4(236 237 37 36)
4(237 238 38 37)
4(238 239 39 38)
4(239 240 40 39)
4(240 241 41 40)
4(241 242 42 41)
4(242 243 43 42)
4(243 244 44 43)
4(244 245 45 44)
4(245 246 46 45)
4(246 247 47 46)
4(247 248 48 47)
4(248 249 49 48)
4(249 250 50 49)
4(250 251 51 50)
4(251 252 52 51)
4(252 253 53 52)
4(253 254 54 53)
4(254 255 55 54)
4(255 256 56 55)
4(256 257 57 56)
4(257 258 58 57)
4(258 259 59 58)
4(259 260 60 59)
4(260 261 61 60)
4(261 262 62 61)
4(262 263 63 62)
4(263 264 64 63)
4(264 265 65 64)
4(265 266 66 65)
4(266 267 67 66)
4(267 268 68 67)
4(268 269 69 68)
4(269 270 70 69)
4(270 271 71 70)
4(271 272 72 71)
4(272 273 73 72)
4(273 274 74 73)
4(274 275 75 74)
4(275 276 76 75)
4(276 277 77 76)
4(277 278 78 77)
4(278 279 79 78)
4(279 280 80 79)
4(280 281 81 80)
4(281 282 82 81)
4(282 283 83 82)
4(283 284 84 83)
4(284 285 85 84)
4(285 286 86 85)
4(286 287 87 86)
4(287 288 88 87)
4(288 289 89 88)
4(289 290 90 89)
4(290 291 91 90)
4(291 292 92 91)
4(292 293 93 92)
4(293 294 94 93)
4(294 295 95 94)
4(295 296 96 95)
4(296 297 97 96)
4(297 298 98 97)
4(298 299 99 98)
4(299 300 100 99)
4(300 301 101 100)
4(301 302 102 101)
4(302 303 103 102)
4(303 304 104 103)
4(304 305 105 104)
4(305 306 106 105)
4(306 307 107 106)
4(307 308 108 107)
4(308 309 109 108)
4(309 310 110 109)
4(310 311 111 110)
4(311 312 112 111)
4(312 313 113 112)
4(313 314 114 113)
4(314 315 115 114)
4(315 316 116 115)
4(316 317 117 116)
4(317 318 118 117)
4(318 319 119 118)
4(319 320 120 119)
4(320 321 121 120)
4(321 322 122 121)
4(322 323 123 122)
4(323 324 124 123)
4(324 325 125 124)
4(325 326 126 125)
4(326 327 127 126)
4(327 328 128 127)
4(328 329 129 128)
4(329 330 130 129)
4(330 331 131 130)
4(331 332 132 131)
4(332 333 133 132)
4(333 334 134 133)
4(334 335 135 134)
4(335 336 136 135)
4(336 337 137 136)
4(337 338 138 137)
4(338 339 139 138)
4(339 340 140 139)
4(340 341 141 140)
4(341 342 142 141)
4(342 343 143 142)
4(343 344 144 143)
4(344 345 145 144)
4(345 346 146 145)
4(346 347 147 146)
4(347 348 148 147)
4(348 349 149 148)
4(349 350 150 149)
4(350 351 151 150)
4(351 352 152 151)
4(352 353 153 152)
4(353 354 154 153)
4(354 355 155 154)
4(355 356 156 155)
4(356 357 157 156)
4(357 358 158 157)
4(358 359 159 158)
4(359 360 160 159)
4(360 361 161 160)
4(361 362 162 161)
4(362 363 163 162)
4(363 364 164 163)
4(364 365 165 164)
4(365 366 166 165)
4(366 367 167 166)
4(367 368 168 167)
4(368 369 169 168)
4(369 370 170 169)
4(370 371 171 170)
4(371 372 172 171)
4(372 373 173 172)
4(373 374 174 173)
4(374 375 175 174)
4(375 376 176 175)
4(376 377 177 176)
4(377 378 178 177)
4(378 379 179 178)
4(379 380 180 179)
4(380 381 181 180)
4(381 382 182 181)
4(382 383 183 182)
4(383 384 184 183)
4(384 385 185 184)
4(385 386 186 185)
4(386 387 187 186)
4(387 388 188 187)
4(388 389 189 188)
4(389 390 190 189)
4(390 391 191 190)
4(391 392 192 191)
4(392 393 193 192)
4(393 394 194 193)
4(394 395 195 194)
4(395 396 196 195)
4(396 397 197 196)
4(397 398 198 197)
4(398 399 199 198)
4(400 600 200 0)
4(399 799 599 199)
4(398 798 799 399)
4(397 797 798 398)
4(396 796 797 397)
4(395 795 796 396)
4(394 794 795 395)
4(393 793 794 394)
4(392 792 793 393)
4(391 791 792 392)
4(390 790 791 391)
4(389 789 790 390)
4(388 788 789 389)
4(387 787 788 388)
4(386 786 787 387)
4(385 785 786 386)
4(384 784 785 385)
4(383 783 784 384)
4(382 782 783 383)
4(381 781 782 382)
4(380 780 781 381)
4(379 779 780 380)
4(378 778 779 379)
4(377 777 778 378)
4(376 776 777 377)
4(375 775 776 376)
4(374 774 775 375)
4(373 773 774 374)
4(372 772 773 373)
4(371 771 772 372)
4(370 770 771 371)
4(369 769 770 370)
4(368 768 769 369)
4(367 767 768 368)
4(366 766 767 367)
4(365 765 766 366)
4(364 764 765 365)
4(363 763 764 364)
4(362 762 763 363)
4(361 761 762 362)
4(360 760 761 361)
4(359 759 760 360)
4(358 758 759 359)
4(357 757 758 358)
4(356 756 757 357)
4(355 755 756 356)
4(354 754 755 355)
4(353 753 754 354)
4(352 752 753 353)
4(351 751 752 352)
4(350 750 751 351)
4(349 749 750 350)
4(348 748 749 349)
4(347 747 748 348)
4(346 746 747 347)
4(345 745 746 346)
4(344 744 745 345)
4(343 743 744 344)
4(342 742 743 343)
4(341 741 742 342)
4(340 740 741 341)
4(339 739 740 340)
4(338 738 739 339)
4(337 737 738 338)
4(336 736 737 337)
4(335 735 736 336)
4(334 734 735 335)
4(333 733 734 334)
4(332 732 733 333)
4(331 731 732 332)
4(330 730 731 331)
4(329 729 730 330)
4(328 728 729 329)
4(327 727 728 328)
4(326 726 727 327)
4(325 725 726 326)
4(324 724 725 325)
4(323 723 724 324)
4(322 722 723 323)
4(321 721 722 322)
4(320 720 721 321)
4(319 719 720 320)
4(318 718 719 319)
4(317 717 718 318)
4(316 716 717 317)
4(315 715 716 316)
4(314 714 715 315)
4(313 713 714 314)
4(312 712 713 313)
4(311 711 712 312)
4(310 710 711 311)
4(309 709 710 310)
4(308 708 709 309)
4(307 707 708 308)
4(306 706 707 307)
4(305 705 706 306)
4(304 704 705 305)
4(303 703 704 304)
4(302 702 703 303)
4(301 701 702 302)
4(300 700 701 301)
4(299 699 700 300)
4(298 698 699 299)
4(297 697 698 298)
4(296 696 697 297)
4(295 695 696 296)
4(294 694 695 295)
4(293 693 694 294)
4(292 692 693 293)
4(291 691 692 292)
4(290 690 691 291)
4(289 689 690 290)
4(288 688 689 289)
4(287 687 688 288)
4(286 686 687 287)
4(285 685 686 286)
4(284 684 685 285)
4(283 683 684 284)
4(282 682 683 283)
4(281 681 682 282)
4(280 680 681 281)
4(279 679 680 280)
4(278 678 679 279)
4(277 677 678 278)
4(276 676 677 277)
4(275 675 676 276)
4(274 674 675 275)
4(273 673 674 274)
4(272 672 673 273)
4(271 671 672 272)
4(270 670 671 271)
4(269 669 670 270)
4(268 668 669 269)
4(267 667 668 268)
4(266 666 667 267)
4(265 665 666 266)
4(264 664 665 265)
4(263 663 664 264)
4(262 662 663 263)
4(261 661 662 262)
4(260 660 661 261)
4(259 659 660 260)
4(258 658 659 259)
4(257 657 658 258)
4(256 656 657 257)
4(255 655 656 256)
4(254 654 655 255)
4(253 653 654 254)
4(252 652 653 253)
4(251 651 652 252)
4(250 650 651 251)
4(249 649 650 250)
4(248 648 649 249)
4(247 647 648 248)
4(246 646 647 247)
4(245 645 646 246)
4(244 644 645 245)
4(243 643 644 244)
4(242 642 643 243)
4(241 641 642 242)
4(240 640 641 241)
4(239 639 640 240)
4(238 638 639 239)
4(237 637 638 238)
4(236 636 637 237)
4(235 635 636 236)
4(234 634 635 235)
4(233 633 634 234)
4(232 632 633 233)
4(231 631 632 232)
4(230 630 631 231)
4(229 629 630 230)
4(228 628 629 229)
4(227 627 628 228)
4(226 626 627 227)
4(225 625 626 226)
4(224 624 625 225)
4(223 623 624 224)
4(222 622 623 223)
4(221 621 622 222)
4(220 620 621 221)
4(219 619 620 220)
4(218 618 619 219)
4(217 617 618 218)
4(216 616 617 217)
4(215 615 616 216)
4(214 614 615 215)
4(213 613 614 214)
4(212 612 613 213)
4(211 611 612 212)
4(210 610 611 211)
4(209 609 610 210)
4(208 608 609 209)
4(207 607 608 208)
4(206 606 607 207)
4(205 605 606 206)
4(204 604 605 205)
4(203 603 604 204)
4(202 602 603 203)
4(201 601 602 202)
4(200 600 601 201)
)


// ************************************************************************* //
